-2.65948666892963,1.7259801275456,0.689805741122668,0.00125
-2.79951875767686,1.81257816735651,-1.89951551415458,0.00125
-0.645851128642831,1.90320628371455,0.311762458126412,0.00125
0.43714691113234,1.17434641058509,-1.66238138768121,0.00125
1.56517326621059,0.388498166639523,3.1164140255013,0.00125
-2.25211982376295,2.46613948889681,-1.10275579459574,0.00125
-2.29610159576395,1.39409258101737,2.89072184899493,0.00125
1.29071450323457,0.510210805662256,-1.94895427201241,0.00125
2.60402453677576,1.42665400953361,0.632012784197279,0.00125
1.34993308812126,1.6334894510116,-3.04005688749599,0.00125
-1.14236853288622,1.81311958091057,1.27774688419138,0.00125
-0.703657319923321,2.68610383691907,-0.950916029277905,0.00125
2.42491365840365,2.84247810250755,-0.0758951988524909,0.00125
-1.15436989357918,2.67330770461877,2.7770539682505,0.00125
-1.32355299929367,2.49269246180749,-2.55567022122608,0.00125
1.85850621083295,1.68384202895678,-1.90445728118621,0.00125
2.68634529737329,2.03548024753376,-1.23174404820189,0.00125
1.819008343516,2.14631474362197,-0.420174482683733,0.00125
0.556990198921532,1.34007916394405,0.759840683802224,0.00125
1.47593906181081,2.31787142518821,-2.91694452826694,0.00125
-2.53027890137827,1.48346471905433,-1.13057272673774,0.00125
0.165648626350945,0.817879335956285,-2.23528476800359,0.00125
-2.57176448023362,0.945773553906421,-0.233966800547082,0.00125
2.48411315397589,1.61999580673011,-1.37406887690678,0.00125
2.98962916140407,1.7463455310337,2.56288587445947,0.00125
0.528572965949374,1.19142424633946,-2.89816645817032,0.00125
3.01243755887416,2.1930305478092,-2.19718734868503,0.00125
0.506529299148938,1.25959073131621,-0.316778845112296,0.00125
0.74936556414188,2.3237679121282,-1.02262960416057,0.00125
2.18107630065455,2.23118358250515,0.674223453643485,0.00125
-0.472707460026105,1.49262224635403,0.820378137096009,0.00125
-0.730088844113841,1.97673217584272,-1.72070973076162,0.00125
-2.98550963292919,1.65220240108153,-1.07637693074869,0.00125
-2.28954237921415,1.39023663630846,2.38116167910105,0.00125
-0.0723755556370642,1.81137904610925,-1.40926504159185,0.00125
0.648569990660713,1.88033564545182,-2.28525830861293,0.00125
-1.57178194769882,1.64035674272238,-2.84942957239234,0.00125
1.58697769298855,1.88529490494749,0.353082333711849,0.00125
0.617535175988552,0.810991088568921,-0.911280166440712,0.00125
1.02055884797742,1.34645903295116,-2.09323543867799,0.00125
-1.05199494276712,1.68803520147143,1.86628406282488,0.00125
-1.84345004952324,1.61405366882789,0.309788284136858,0.00125
3.08637307996473,0.933334435443689,-1.42266334065758,0.00125
2.55683970380379,0.728287199571526,-0.0416797421001298,0.00125
-2.52273191475025,0.228247913229608,2.54401421056167,0.00125
1.13184721565329,0.858885790901573,1.74683820902873,0.00125
2.1754165670922,1.00154152742911,-2.91004350267492,0.00125
1.03347975498754,1.5847686372212,0.929734220990958,0.00125
-1.82777750488891,0.942614001386577,-0.287808651222235,0.00125
2.98965566323647,0.708638341541137,1.70203335036813,0.00125
0.797403839064973,1.71599008408733,-1.65683501931426,0.00125
0.266594611198306,0.422692207031191,1.6678099011266,0.00125
-2.80158949213426,1.84541061118653,-0.606024232332464,0.00125
-1.30308981887038,1.15118414005328,1.64388474823165,0.00125
0.848511638739546,0.895439481302561,2.80434546968881,0.00125
1.97298797795253,0.917485846760382,1.46912967408616,0.00125
2.01638063463394,1.91014335853778,2.10867032899099,0.00125
-1.72233264652013,1.52595841686847,1.62783235966806,0.00125
-1.47898963653424,0.48279265555282,-2.69436392863322,0.00125
0.979903892276109,2.54069484249512,2.17983829530971,0.00125
-1.94221268288209,0.59418321125467,-0.981379497480668,0.00125
0.394676694212242,0.717994573218302,2.38825765063593,0.00125
-2.20400792442111,1.69032981945523,-0.0864253972518167,0.00125
-1.59434360575878,1.14517248389703,2.8703081039545,0.00125
0.87886350960056,1.71129880580226,-0.817040765070396,0.00125
0.356081589082979,1.36298178219361,2.30157941046147,0.00125
-2.97770523349613,1.54799282324576,-0.0241543350262534,0.00125
-0.869947167876879,2.03505674379661,1.1705325558154,0.00125
-2.57578134466914,1.55784636055834,2.13340344415804,0.00125
-1.97996400602433,1.35347848726448,-2.45556530616861,0.00125
-1.96832183983855,1.52620445250577,2.10343078474705,0.00125
2.87134745647692,1.4681488094705,-1.8466216452673,0.00125
-0.426888812778395,3.05462538727631,0.931736014565017,0.00125
-0.789477977597794,1.94427950130674,-1.51271776326971,0.00125
0.0206047263540083,1.26382445314418,1.04484325320264,0.00125
-2.67143585399367,1.86489513865232,-3.08929622295833,0.00125
-1.22023876752245,0.713092290813912,-1.96207417102356,0.00125
-0.964423115272856,0.645373862812779,-1.53984604250726,0.00125
2.0334750078377,2.92829416786405,2.12582391423165,0.00125
-1.15163251260425,2.33156433248157,0.991437564420661,0.00125
-0.387407899599241,1.10172612398841,-1.31105115660229,0.00125
3.1399620193451,0.165333397333388,-0.988445751822076,0.00125
-1.88888479716017,1.61291618991983,-1.86153960513176,0.00125
-0.958927225912406,1.92187607009775,-2.61380168243649,0.00125
-0.469955915996463,2.49376015316218,0.261337676693285,0.00125
0.285649467240425,1.58187577243877,2.93997425444623,0.00125
-3.09375568440106,0.348187989504273,-1.33885816814452,0.00125
2.8568713455694,1.10790427972819,-2.00927595455767,0.00125
-1.41000869639367,1.34483776001933,2.8746940898563,0.00125
-0.118782708709847,1.90289436559054,0.918130468503158,0.00125
-2.13087605316663,1.29936728938796,-3.13148292238672,0.00125
2.90285334576049,0.806170948749683,1.1418278787689,0.00125
1.8427608751211,1.56084112947763,-3.11160395883452,0.00125
-2.89701441844666,2.65212837528497,-2.12529890702905,0.00125
-2.91428598509348,0.201449593743859,0.494291934047572,0.00125
-0.366295770393382,1.97492208648897,-2.19090151859633,0.00125
0.240709639781909,1.52479016987431,1.20131120529377,0.00125
0.492257990146659,2.19899995544025,1.3091438611702,0.00125
0.145162619000091,1.24386035894605,-1.35187854947787,0.00125
-1.69121498236322,2.06493472290766,-2.61975313613988,0.00125
0.423007269661023,1.33878251855762,-1.86237626763522,0.00125
1.54468007415117,1.40294150797516,-0.052942627656946,0.00125
1.75444191699812,0.355151741068194,-0.95634526376753,0.00125
-2.56228918890077,2.50041306700133,1.37948686478091,0.00125
2.74356897524146,2.20698619406704,2.56399630456694,0.00125
0.454681896277599,1.22746435847372,2.68961410255258,0.00125
1.46154920325677,1.0689491406357,1.03011691716609,0.00125
-1.71065380364476,1.75032404206451,-2.16283334235696,0.00125
-1.16566097744172,0.752499869745249,-2.51495086177951,0.00125
-0.154715273504028,1.97906384371942,0.0902039850519443,0.00125
-0.780544686865651,0.5131060638956,-0.53833392407161,0.00125
1.32443960291657,2.3926013620415,-2.77838567375189,0.00125
1.21910939884702,1.06407008957284,-1.14382417909494,0.00125
1.97894768611186,2.82354439539552,-1.07788495917766,0.00125
-0.575909582425909,2.22428222785996,1.8824993401418,0.00125
2.56897874347589,1.41438154600553,-2.81702346681602,0.00125
1.40408268600433,2.48250849410527,1.86092179581864,0.00125
-2.82369275377457,2.41483102061691,2.64216607491565,0.00125
2.42119102501433,2.21327353504459,1.31788457045671,0.00125
-1.46522405151958,1.94637663168175,-0.454985735798361,0.00125
2.10849070068315,0.451499899973624,-3.1183383894535,0.00125
-1.56106079882762,0.855183494274901,0.0463442777641023,0.00125
2.50909334751771,0.927830724161373,2.73518939640962,0.00125
-1.15956806636011,2.61300411850715,1.491975020685,0.00125
1.38026709212596,0.635985240708534,-0.820462087504923,0.00125
1.53364716004745,2.33614455975356,0.55184846789014,0.00125
2.34251688082781,1.1109838756609,-1.13988957885111,0.00125
0.128655839824541,0.347709896330679,-2.52931434424002,0.00125
-2.43021049164617,1.61346712058145,1.27941025136412,0.00125
-1.41074700457225,0.650963899626941,-2.68997887851035,0.00125
-1.97076909548291,0.69902874623262,1.11729219490832,0.00125
-0.340108489684213,0.673498870723606,-0.858082953610321,0.00125
-0.581949587486818,1.48772172410622,2.72519065208003,0.00125
1.65507129791343,0.307401135700166,2.11767730418424,0.00125
-2.26784329092726,1.50005381733516,-0.530238176205728,0.00125
-1.40404417516758,1.68258493403382,-0.547418835879276,0.00125
-0.748104238744433,1.10541114395284,1.33494593303644,0.00125
-3.09075065262017,0.551064635389981,-0.844320011829346,0.00125
-1.32198853457242,1.41295581142439,1.73037584956417,0.00125
2.14990770757114,1.47426854197358,-0.146361385535246,0.00125
-0.6888812393312,2.26051075929388,2.99734211157527,0.00125
2.2220461765541,1.46223142328339,2.50259088021017,0.00125
1.25016004138091,2.4700235918562,-1.3621446594885,0.00125
2.91278717676401,2.42948033178027,-1.69407188700883,0.00125
2.27899222205442,2.12621290313449,-0.917529909314616,0.00125
1.4632293672261,2.4041065774796,1.49649992892049,0.00125
-2.39171993333318,1.83174766238373,-1.97303022459439,0.00125
0.472111204958101,0.301744523386591,-1.7849456208754,0.00125
-3.02099732530475,2.29950265945739,-0.867968056796492,0.00125
1.55801501623462,0.927017842455072,-0.288870614785838,0.00125
-3.12777303739593,0.921094005895382,2.16007700518844,0.00125
2.55308588940984,1.87309835003842,-3.09527444906415,0.00125
-2.24367526596881,0.424702866767061,1.3532658747119,0.00125
-1.57316685369919,0.111775721865626,2.05097219068198,0.00125
2.9835698158058,1.84648846643177,0.845315215241442,0.00125
0.601316055694216,2.82621712370239,0.623365593806614,0.00125
1.05562606921647,0.845399816098358,0.92090180577606,0.00125
2.11368533098663,0.689236174279729,-2.18374468758319,0.00125
0.0686085960957687,1.51766879745994,0.266527869666711,0.00125
2.61707137679052,1.77900054131371,-0.131765284874384,0.00125
1.78136636029122,2.0141317201148,0.186916243674439,0.00125
2.25078596607868,2.01505678192864,-0.681954431196939,0.00125
-2.13967696347753,2.0093411994849,-2.42093413203457,0.00125
-0.959228871378283,1.71995514122984,2.54835583594354,0.00125
-1.08162747052693,1.59024524827334,0.515195719865984,0.00125
-0.299806408933313,0.312756342868064,2.2890885868791,0.00125
2.45286419621821,1.28147142039759,0.305477321163432,0.00125
1.28404473647351,1.19213932372586,0.14951212281274,0.00125
-2.16278063721141,0.676023769643391,-2.85455542659784,0.00125
2.43310200633262,2.76502206380208,1.3221826217493,0.00125
0.290427557398958,1.55319682487066,-0.944560291905962,0.00125
-2.69128615554108,0.061793073447968,-2.91240616334684,0.00125
-1.50105172771553,1.54929536786064,-1.46460437581898,0.00125
0.0847643582387226,1.60461188522956,1.9706715725589,0.00125
-1.78267325166981,0.530444557193615,2.80526534552978,0.00125
2.09898593746077,1.65948983424319,1.34436836237039,0.00125
-2.57068740383541,0.927548017195671,-2.3098678968797,0.00125
-2.86937283780627,1.32220184271617,1.1756919394117,0.00125
-2.64413306401578,0.894569420146502,2.84398803943008,0.00125
3.01097460665212,1.07116439570832,0.0422564427635761,0.00125
-2.88614727678882,1.67097118011789,2.09855138754853,0.00125
3.10861312124631,0.8288889355384,-2.69932387903232,0.00125
1.18771161533025,0.496287387889376,3.08687979343574,0.00125
-2.26305302253834,1.16463049284358,0.531147426466934,0.00125
1.24560948470474,2.14740122488217,0.925798629304465,0.00125
0.362245581266883,1.75221219450428,0.702778066929679,0.00125
1.24807703584145,1.94859256052305,-1.95190102545215,0.00125
2.02747908175908,2.4381617516243,1.85610263383002,0.00125
2.93085408073907,1.63975075385708,-2.20595610109029,0.00125
-0.233686594910699,1.13075690975828,0.967022501912934,0.00125
-2.90370258665893,1.7522218409295,-1.42459557723621,0.00125
-0.302700767812096,0.79441397472581,-2.36750117287993,0.00125
-0.000269491174224203,1.70291598600939,2.63051014336273,0.00125
2.86129806155685,2.47755947004649,-2.89291359909925,0.00125
-2.17930000683705,0.704594530239252,2.8790890462174,0.00125
-2.31519225224328,0.669954278238876,2.12361873548085,0.00125
1.59577431961762,1.49491241287269,2.34762001921984,0.00125
-1.8043877407407,2.32920433763219,-2.70486524232375,0.00125
1.14354930503407,0.943714834049,-2.20990683399879,0.00125
0.276542419208086,0.504606718058283,0.426173928890075,0.00125
2.9791259502897,1.03559275935403,-2.95063210507763,0.00125
2.475328273887,0.288042449459879,-2.39429084534131,0.00125
2.13007209995378,2.75617637623257,-0.645032139684425,0.00125
-0.370981643319274,1.45295892633918,-3.02863157120523,0.00125
0.251726631239404,3.02435758514051,3.0446649310308,0.00125
-2.46714780402643,2.03646195270057,-2.21982209092008,0.00125
-2.11145076925548,2.0433730494279,0.576381321745345,0.00125
-1.451174873469,2.35651612739178,0.288304365143826,0.00125
0.0480522104786726,1.03230523242381,-2.1067999656264,0.00125
0.130862210305348,1.64900196979574,0.430765976923185,0.00125
2.84913219803288,0.995603230651741,-2.07548265990729,0.00125
2.69530187320922,1.78863799820098,0.0901907260329417,0.00125
0.886087223925379,2.26432314509381,-0.232392697576618,0.00125
-1.31856120153675,2.37828356840807,-0.211836321764744,0.00125
2.70558350378206,2.25012873840241,1.88107921516764,0.00125
-1.09883881528949,0.717460635488304,-0.763148393555163,0.00125
-0.997455833264826,0.567422666830313,1.05436299437177,0.00125
1.72340328580544,1.82654066559951,2.65647189460002,0.00125
-0.275548584089792,2.68553193152351,-2.401801536803,0.00125
0.0272877305058682,2.45822625269928,2.37245006427772,0.00125
-2.33492487727709,0.469977309260201,-1.09638666456442,0.00125
-1.41615996409936,1.92195535513184,1.10577599443917,0.00125
-1.30074247094422,1.30336887689043,2.21782031811578,0.00125
-0.196420235430236,1.19851245304197,-1.39149903197825,0.00125
-1.75909110650198,2.22866849204453,2.42323646726445,0.00125
-2.20891102210353,1.53398888109343,0.00129969462669775,0.00125
3.01044159290265,1.34418437320254,-1.18980520776695,0.00125
-0.417476854662145,2.40533493323497,-1.77896941323334,0.00125
-2.83790136433171,0.245425816778974,0.948038423153573,0.00125
2.56077865280846,1.46867982402311,-2.34616892840188,0.00125
0.850554468230821,2.62857945242895,2.67355465406348,0.00125
2.96338670802174,1.79299610661374,-0.392260121884295,0.00125
-0.637171843219722,1.12407026314958,-1.9038896135738,0.00125
1.20134430605324,1.70541007426549,2.1483992187889,0.00125
0.992262638682167,1.54640208645065,2.06087863114555,0.00125
-2.87006387208061,1.26453498498752,-2.57789159192686,0.00125
1.17092931553653,1.10723721771165,2.19855377193523,0.00125
1.76782197564887,0.867011074722928,2.44458534063555,0.00125
-1.6125702772226,1.40418584381353,-2.90728857625897,0.00125
2.02848406994717,1.78800829683761,-0.17352191612011,0.00125
1.46562233348312,1.56544775801602,0.800817392989671,0.00125
-2.1487607852931,2.09467624969141,2.58101243171489,0.00125
-1.30892226561742,1.31099128938152,-2.60503622000679,0.00125
2.27626377342875,0.901803750443096,-0.971047450586231,0.00125
-1.97609753168463,1.37347960384408,0.570368347855105,0.00125
2.63723180582259,2.72231542193802,-2.41401053805492,0.00125
0.274605924547804,2.08741090186548,-0.906521594846102,0.00125
-2.26799739198606,1.53078067849061,-2.68608213834995,0.00125
2.36632355813186,1.16081348154888,2.5671500604211,0.00125
2.45908780730598,0.952022056014368,-2.47832680295641,0.00125
2.69225358970979,1.62804295895182,-0.790927479398469,0.00125
1.42115139622354,0.943432122990713,-1.33964242093191,0.00125
-3.06617023417622,1.6725849746179,0.301659617264157,0.00125
-0.658454605665019,0.0614181859151547,-2.33096125450029,0.00125
-1.14651102105545,2.15542799944364,-3.08808502024755,0.00125
-1.43877532842258,1.21514886195416,-1.6369709108213,0.00125
-1.41289032254331,1.85609912059421,0.034812861129122,0.00125
-0.500872987243063,2.97987032946979,-0.82167703480908,0.00125
0.020161914812759,1.85309680322399,-2.98208925230208,0.00125
-1.74953179925812,1.59148853939089,2.27546280633197,0.00125
0.310572143938993,1.03455704837465,1.44121082327391,0.00125
-1.90287163802413,0.798733923939464,-1.87305900921433,0.00125
0.7531084696976,0.994708771028275,1.75763527580108,0.00125
0.0165875019301465,1.64187906756456,-0.941733399114475,0.00125
-0.122717200177711,1.73724226126047,2.61046670015608,0.00125
-1.16179457004169,1.12672310737741,-2.99443896755731,0.00125
-0.467451470568838,0.865453619933006,0.709015288272842,0.00125
1.17290453377598,1.88660786566431,-0.100158885136858,0.00125
2.88951813704205,1.14655872912556,-0.5729911098786,0.00125
2.89634939818932,1.77995477455683,2.28451418503046,0.00125
-1.96321414526141,1.85647068833733,-0.834386265320254,0.00125
-3.07747278396114,1.62186763057921,-2.80892692319446,0.00125
-0.618285062235275,1.64194809941312,-0.782145084673015,0.00125
0.724825563957164,1.80292105169177,-2.74168104878216,0.00125
1.93635003349146,2.1415472060122,-0.685513434400628,0.00125
-1.4943443158253,1.34416432394344,-0.240332234154146,0.00125
-1.76670677265929,1.05517060190586,2.62770146704309,0.00125
-1.69843807481607,1.01059365137282,1.02364229271899,0.00125
-0.233724932818477,0.47893807326291,3.00407732539737,0.00125
-3.04694060666607,1.12402721459938,2.61845679779704,0.00125
-0.5791477282461,2.42881479744866,2.74680931638954,0.00125
1.21012817498994,1.19275254514594,-0.539313965268691,0.00125
1.01780035119663,1.09341421703013,-1.67704276917548,0.00125
-2.98717188675151,2.05991306752119,0.691491904898993,0.00125
-2.85213366084516,2.65718171459574,-3.12502313090754,0.00125
-0.819348313669798,0.427213957938628,0.120118963665941,0.00125
2.1419684251065,2.10617635530219,0.162775097453894,0.00125
1.22001426534949,1.49932419826359,-0.931524576702885,0.00125
0.729582730739256,0.418213178148223,1.0668375344141,0.00125
1.91578917015396,1.68163924603328,-1.18217030304551,0.00125
-0.830664755284682,2.25914177727195,2.30583009869565,0.00125
-1.01394239497915,1.01991927386284,-2.02346904805684,0.00125
0.59818121337838,2.36791444828789,1.41048636653307,0.00125
1.88528747798479,0.780825228980692,1.88062026499697,0.00125
-2.77141416350175,2.22936276654334,0.67407954254265,0.00125
-1.26961699284612,1.91213248620246,3.01842821287809,0.00125
-1.75395051497623,1.78801852547943,3.01786088477823,0.00125
1.93833021619333,1.45533346350673,2.67732881193006,0.00125
1.84474484073162,1.35109048490372,3.06808452859448,0.00125
0.793641534972266,1.31278347917064,1.05448636565287,0.00125
1.98263653623914,2.65373322238232,0.269777811625742,0.00125
1.29701087508774,1.27747783766426,-1.70040527648323,0.00125
-2.38413056697142,2.093935737662,1.20919176774295,0.00125
-2.0317197080543,1.68398164085628,0.977028537936142,0.00125
2.74345273371022,2.24908541708967,-0.917399926847589,0.00125
0.106141244262816,2.05222837243916,0.744559722842794,0.00125
-1.77587958752425,1.02408885551618,-1.67265257219321,0.00125
3.049375389873,2.61624028605625,1.40306516147997,0.00125
-2.20042915739317,0.753088783646323,-1.84900066429477,0.00125
1.03529322332765,0.575996192456308,-1.43221773082155,0.00125
-0.570759320207037,1.82065039410956,1.55463722111874,0.00125
2.27335047983358,1.18285029479341,-2.54020505895205,0.00125
2.57330325759232,2.04406464613713,-2.11057855927945,0.00125
-1.43603905541731,1.73415918692127,-0.0149988448564328,0.00125
0.326088686879664,2.22270224289096,-1.81984561402426,0.00125
0.659887142475117,0.654025699840687,-0.13615126092254,0.00125
-1.50188769628116,2.35408155481335,3.05486885415234,0.00125
3.08588888088193,1.70186981405768,2.95643257472185,0.00125
-1.05676389675067,0.744232649177727,2.57007828506048,0.00125
-2.07869727677826,1.01598306124874,1.75224157891241,0.00125
-2.00227323943761,0.716702873522402,-0.889965353686259,0.00125
2.54211163829599,0.99869287394276,1.52134237630429,0.00125
-0.98818853246605,1.36633024843092,-0.562901098978651,0.00125
1.01856452104923,1.6217924993426,2.64755391251936,0.00125
-3.12331818485533,2.46209641936986,0.959741523744858,0.00125
-0.38040485534723,2.01001639996626,-0.225264228604189,0.00125
1.10514303907131,2.13921573009389,1.87958624202029,0.00125
2.49923335307149,0.672575100688614,-0.162447155956757,0.00125
-2.64274701759371,1.4604768978158,2.69922186340897,0.00125
0.28022130142769,2.73746591854296,-2.47145433779793,0.00125
-0.251119064255216,1.02574968826536,2.20342299474812,0.00125
2.9975672802847,1.94510943226341,1.24082341137533,0.00125
0.651164441263292,1.63897212183207,1.79094606118768,0.00125
0.808505962203048,2.31062663054013,0.970751110915928,0.00125
-2.0012090957488,2.7188597207851,1.39094675029516,0.00125
2.35319036878373,2.24166147919751,0.703972639789407,0.00125
0.195818135741855,1.09817611924333,0.328978008055493,0.00125
1.68648010053982,1.32348044226544,2.28003582494731,0.00125
2.72997247289106,2.61729470482219,-0.550264069549099,0.00125
2.91008684782293,0.792926006050065,3.05457737083097,0.00125
2.00244185454208,1.22821675512282,-1.57083037242541,0.00125
-2.41319149598205,0.841380515255512,0.133042496527277,0.00125
1.80684157649488,2.13229003640311,1.28224758951413,0.00125
0.306197530236874,0.762865739009433,-0.0969149856115516,0.00125
-0.6994109821634,1.18202725236772,2.12954561078539,0.00125
1.33562081629037,1.58681742908274,-2.41072879058772,0.00125
-2.95120049725647,2.79802523257162,-0.571514757112971,0.00125
1.86101596159006,0.67290807342241,0.0580167554421941,0.00125
-1.14521252721579,2.09743114558134,-0.68233811966417,0.00125
-1.56364734498419,2.36356635142642,-2.06798451728227,0.00125
2.85112854104506,0.57924538454098,-2.47434642706647,0.00125
2.77820737545012,1.46900298105916,1.39551676830798,0.00125
-2.28546532189535,1.24390558216409,1.09244061164888,0.00125
-2.95957603681479,0.256191583140659,-1.71771544986804,0.00125
1.46832433694193,1.35513778658709,1.54813323720676,0.00125
-0.544952599175616,2.42887112487698,-2.57105158148936,0.00125
-1.75388074363277,1.32547135132632,-2.32009654664594,0.00125
-2.53591564928237,2.1468131058644,-1.21610013591244,0.00125
2.05177969566377,2.43331375055425,1.07585635548361,0.00125
-0.998765262147292,1.66248277296014,-2.26876327664384,0.00125
-0.306868526752786,1.17567703692763,-0.816049509934746,0.00125
-1.68966188790679,1.01519949731731,2.28819187434027,0.00125
0.304258344249768,1.86520506296323,2.1816052897644,0.00125
-0.0825433429558961,2.25973723577251,2.76685365127649,0.00125
-0.0195792209065673,2.37817399779998,2.06917409440757,0.00125
-2.55001008151185,1.42949422410761,-2.20693857476586,0.00125
-2.39116555237298,0.618499120318805,-1.12824134383715,0.00125
-2.82966865911152,1.97124563121814,2.41010668691039,0.00125
-0.334366812923336,2.58187287568563,-0.928810610495502,0.00125
-2.08073975639355,1.97621186689293,-1.70550472036905,0.00125
-1.03088233048481,1.33237048245151,1.06388236431308,0.00125
1.7224422768475,0.173622488021253,0.859457265465376,0.00125
-0.572886099267684,0.595332501510088,2.12929771627187,0.00125
-0.814295958931053,0.720577827787074,1.67227663319107,0.00125
0.774743753751844,0.741302026311845,0.642152698955418,0.00125
-2.64095653198685,1.90847412090707,-1.6719487354902,0.00125
-1.11914849028691,1.10358227307988,-2.31105550768024,0.00125
-0.685807402892631,0.843985061628644,3.02092537966189,0.00125
-1.12229449836572,1.42443404796415,2.19120411143436,0.00125
1.34270532111069,2.20934510069534,-2.31698644598864,0.00125
-0.877004580817498,1.35034589798999,-1.39727964081381,0.00125
-0.721756977960568,1.62813757893538,-0.170566504532811,0.00125
-1.42329603506325,0.227458896634185,-0.755086191924553,0.00125
1.85177888800913,0.437793332390652,2.41091303880447,0.00125
1.57934752595439,1.59737551889293,-0.279727174025232,0.00125
-2.58506471899752,1.42854037081474,-0.609886573188787,0.00125
-2.09326164000362,1.32685823436047,-1.83159794937855,0.00125
1.22725291450252,1.34206676451497,1.401426151633,0.00125
-2.67835874846717,2.2048028555682,-2.43565160817096,0.00125
0.916751797023215,2.61879374015377,-2.30702659318049,0.00125
-1.8403298750217,2.13084269114822,1.41713387882462,0.00125
-1.63677351553446,2.48213737222814,-2.05930687504297,0.00125
-1.16706446548536,0.195974290030326,-1.77003675213227,0.00125
0.637204216099061,1.18136798351423,2.67734578470723,0.00125
-1.36885862302035,2.49523859241385,1.18747365913346,0.00125
1.98947289385029,1.66859071736879,1.06818507664857,0.00125
-1.44882793114948,2.69698556223528,2.95371646890828,0.00125
-2.97004881201663,0.302418513202694,1.97805782722399,0.00125
-2.02415740570523,1.0308940690543,-0.542523016865803,0.00125
-1.14738551415865,1.22773348113015,1.08136039864014,0.00125
-2.76345280146271,1.37214091609,-3.07588401809115,0.00125
-1.11050890711612,1.52226502714526,-0.925887161179435,0.00125
-2.99222762261677,0.806720040140172,2.11545237880537,0.00125
-0.408088946304096,2.95532217751921,-2.08230683731914,0.00125
-2.59885167443808,2.58787604467109,0.714389916818729,0.00125
0.0419727896763913,2.33626244245808,-1.64822931531192,0.00125
-0.395229412734094,0.688555014981086,0.50593921212881,0.00125
-0.0198595678824236,0.567258825927225,-1.83981393432947,0.00125
0.906635326264284,1.46416399722797,0.438267844496616,0.00125
-1.93774801740011,2.29645711556559,-1.22616199670952,0.00125
0.706604567702767,1.26683856721545,-0.979261258688863,0.00125
-2.07345279666117,2.90112111908945,0.258538896428934,0.00125
0.929465491567406,2.26986229082072,2.23989159656875,0.00125
1.23939996767678,2.37089959987325,-0.485191315773917,0.00125
2.54190408400389,2.6889527350124,2.85918497395299,0.00125
1.0634996289631,0.936773379400986,-2.61376502636275,0.00125
-0.661750389512678,0.167620420269267,-3.05094929030771,0.00125
2.01915301644812,1.40800506927176,1.88066995418023,0.00125
1.61030539951399,1.48574602994846,1.68996187879645,0.00125
-1.25525434130502,2.03545136334791,-2.63450449940232,0.00125
-0.290694477253581,2.12949831923261,1.15761630913332,0.00125
1.61749318483154,0.851789976060181,-0.422142864840914,0.00125
1.18978462685778,0.532559097002882,1.11463335032301,0.00125
1.40069067457919,1.64346668797804,0.37885086420013,0.00125
-0.0582115787520983,2.7641809198517,-2.79082433303611,0.00125
2.17460544351549,2.05373848616428,2.28454300668493,0.00125
0.564463785494112,2.73008808737435,-0.772263501289945,0.00125
0.0489546244177755,0.462009085487833,1.09097217133021,0.00125
-0.296710510052134,1.341407093921,0.2539950897296,0.00125
2.72752734190847,1.69978135811162,-1.63414060579643,0.00125
1.89422235128737,0.720419504878086,-3.00840878191826,0.00125
2.79356165671941,1.56937774569531,-0.905618153429096,0.00125
-2.92674814556586,2.36272215211893,-1.99003410032343,0.00125
2.27671084818133,2.91716818847905,1.83782951392283,0.00125
2.85685246307102,1.18365289376323,0.0741396459169294,0.00125
1.66418663924486,1.67082123029412,-1.47632033000482,0.00125
-1.97324723071662,1.57768553394173,-1.22851435921084,0.00125
2.64061388864662,0.870651155284902,-0.795225259397315,0.00125
2.22547105285601,1.6906769761015,0.800147974620702,0.00125
0.332961395631273,2.26307027897753,-0.071091337740329,0.00125
0.587320806317656,2.77524074476542,-0.15298317748649,0.00125
-2.57152487128752,2.16903350506062,-0.112020747444472,0.00125
2.0069709207272,2.45993443626839,2.58187636747228,0.00125
-2.62374713313976,2.35712099403202,-0.579788231449839,0.00125
-0.577502763673171,1.08504092449156,-0.555173095386118,0.00125
-2.53487671179744,1.23554880613896,1.68366741738201,0.00125
0.847171310044939,2.58331817001866,-1.51416128910414,0.00125
-3.07346718093321,1.40367749212485,-1.55261480823028,0.00125
2.16760424306982,0.911826700507719,0.567106653120788,0.00125
-0.552725376701519,1.96131328475619,2.48604774109497,0.00125
-0.987887800733007,1.06185486995895,0.319604024984534,0.00125
0.00324901867039142,0.869991652178699,-0.359126933389313,0.00125
2.58129405897387,2.04550111898366,2.07343687544846,0.00125
0.720414765104786,1.51814850358284,3.11389940107227,0.00125
-2.40295598711065,0.517999481522066,0.561765979829525,0.00125
-0.0444959319676782,0.964316886919298,-3.10828031592288,0.00125
-1.49062854279317,1.0710760986118,-1.17989620873181,0.00125
1.06507332654993,0.981783183522022,2.88442499820874,0.00125
-2.89628519184339,0.716713841160682,-1.45141087163296,0.00125
1.02110747177175,1.1001512410012,-0.337523552358974,0.00125
2.76870405966713,2.28356976843881,-0.0613631232983691,0.00125
-2.17520280416511,1.94705398108227,-2.61967933968252,0.00125
-0.876594205101838,2.44239003784445,-2.25533903704959,0.00125
0.639535724004557,1.66511032727608,-0.026956564939971,0.00125
-0.0402057579943036,1.52610247177962,1.94179668370148,0.00125
1.52923032151913,0.691818187959138,-1.09616440686247,0.00125
-2.00077163772734,1.58976476262347,2.6337382995213,0.00125
-0.081308544565867,1.8492617847411,-1.54477236193853,0.00125
-1.78318641175752,2.30329211970454,0.319876842451776,0.00125
2.24244702284089,0.660770691764817,2.51395416509625,0.00125
-0.580624515255925,0.888578489307227,2.67450681216649,0.00125
2.01340656587494,1.18157075385039,-1.57706672842742,0.00125
1.45097444659857,2.33948457611935,-1.46619317941957,0.00125
0.599610253097491,1.98170871893594,-1.32567662366182,0.00125
0.691506750057799,1.52145245414799,1.61218896658281,0.00125
-1.84960029842198,1.89899896168954,0.252438227972235,0.00125
-2.42023795157073,0.441988551875141,-2.49931431362222,0.00125
0.667526668952907,1.12184164944301,-2.40640092499027,0.00125
1.56604438583224,1.8983291670969,1.96097804253124,0.00125
-2.33677439553565,2.02222357219437,-0.502703104970032,0.00125
-1.24289496953651,1.6740853186119,2.83263005234853,0.00125
-0.0703780380219717,1.0370706482426,1.87044575011378,0.00125
-2.48851425041424,1.77877522492949,0.624590584702449,0.00125
1.995139083181,2.45829385756169,-1.91641369327967,0.00125
2.60656049918164,1.67562437754119,2.74359313605682,0.00125
-1.21482891304576,2.04911096946132,2.45628158497365,0.00125
2.10747680307901,2.5966182256598,1.650493185921,0.00125
0.806334980890649,2.74673546224048,1.38433966824235,0.00125
-0.213421776918869,1.46013759859132,-0.297982129642429,0.00125
2.0059207108789,1.1775831607297,1.02071815331473,0.00125
-0.693330812527154,2.66163312751432,0.754309761745781,0.00125
-2.70268263609504,1.8321392888629,2.59967149609725,0.00125
-2.14307614175777,1.13268887188611,1.46378638593638,0.00125
-0.456596862793474,1.29496537338212,0.35965281880504,0.00125
0.403681492459615,2.26604714283255,-2.92979577514426,0.00125
-0.215697478680415,0.377527258860846,1.46554757880987,0.00125
0.192381299409369,0.547688563659266,-2.74557253855188,0.00125
-1.71087974613347,0.643064496603785,0.384352582501453,0.00125
3.10814534626033,2.52440972500154,-1.53424384628564,0.00125
-0.325717839783102,0.666455220151246,-3.03239893325319,0.00125
0.668760297478602,2.02700917014049,2.28891744914745,0.00125
-1.42293732175498,0.62673046467806,3.11372173606301,0.00125
0.195828465986712,2.19150052731037,0.193314864312236,0.00125
0.49293759667075,1.18421777955031,-0.348311052566419,0.00125
1.99753778850511,0.231858101941511,-0.744443049746914,0.00125
-2.55011386057186,2.50477094258722,0.305843386572679,0.00125
1.12109689458431,1.76574184689354,-3.07289843923471,0.00125
1.43283588092333,2.04464009044225,0.992064814946446,0.00125
1.78423273546579,2.39047234021809,2.98260638652977,0.00125
0.606762605182695,2.17103864783832,-0.497222802209199,0.00125
0.289299023816448,2.4028192877361,1.67213797026724,0.00125
2.21318544877176,2.00715935319014,-2.80103751781264,0.00125
-2.85719910209407,2.2464318733495,1.68749320610764,0.00125
-0.985928480531633,1.09420933951662,-0.456182547698021,0.00125
0.846890594804346,1.75143210198885,-0.689527236867123,0.00125
-2.04921885107872,2.84041414589934,-2.94184351939288,0.00125
-0.602777619089289,1.94772418813273,-1.91311564676255,0.00125
-2.8472169467198,0.981933694902861,-0.401750951021246,0.00125
-0.765935563978413,0.862827268145124,-1.35714825028637,0.00125
-0.820887724745192,1.76258349630507,0.0505330586812643,0.00125
0.237019320469939,2.32849583226846,-2.83209514860952,0.00125
-2.75207089553038,0.566454848487082,0.289149763593705,0.00125
0.292622962817072,1.5052315112635,-2.08773903824356,0.00125
-2.62644504275969,0.701648966005843,2.369719909568,0.00125
-1.18837369487509,1.56873452572719,0.624194085206724,0.00125
-2.00677802231202,1.72109676478765,1.23385598200175,0.00125
0.274840608717543,1.73032103491296,-0.297824509947123,0.00125
-1.27400901969932,2.00756189806858,1.87190275977751,0.00125
1.17287494160899,2.11130009994606,-1.82309675503478,0.00125
-3.03266604051189,0.584265698827237,-2.30864677085572,0.00125
0.88381819483059,0.297868376375997,-0.844726892079552,0.00125
-2.77356615277901,1.49702173500742,-0.0212965594234044,0.00125
3.10491748539952,1.67485727108354,-2.31825801811386,0.00125
-0.353086280188837,1.41637662659065,-2.32915383437927,0.00125
-2.98909700982012,0.763726503610503,-0.525840867825231,0.00125
-2.08095931588043,2.15015549996545,1.77011041423877,0.00125
-3.00905858237944,1.75581674465888,-0.662361045978515,0.00125
1.77232741643938,1.84994953305876,-2.52972724845663,0.00125
-2.17094225574904,2.82167522886687,-1.94268289051624,0.00125
-0.974121540814336,1.07805766519746,2.46428945564368,0.00125
2.66011748677451,0.438284304081652,3.14066872133476,0.00125
-3.04426149550531,0.806477487565546,0.980297041199592,0.00125
1.94936001913777,2.26136017539385,2.56384032140113,0.00125
-1.8095240904565,0.961575125359097,-2.79268273181202,0.00125
1.36095962303268,1.83528454317758,-1.05413776919335,0.00125
-1.20229650242284,3.01097545563209,0.701664990893144,0.00125
1.64337852216718,1.5921621698463,0.840538672074002,0.00125
0.640464176474774,0.634114141322613,2.68779983972737,0.00125
1.76736089735587,1.23915936981799,-2.2991847611491,0.00125
1.3345906842885,1.28022729836817,-3.0950617716665,0.00125
-0.915082057621192,1.41723074231242,-3.07370600370208,0.00125
-2.41666182992777,1.20062839466262,-1.87994382136041,0.00125
-1.51859315618086,0.918355031202772,1.64214307719678,0.00125
0.156950310932089,0.972885868993273,1.28310677680759,0.00125
-2.47694783179686,3.02237825266287,1.43405824266863,0.00125
-2.82699045998454,0.948322750795474,1.38497986192366,0.00125
1.33876092943108,1.91097262181387,-0.393317187343607,0.00125
0.168981874640868,1.74169370100101,-2.2829243474141,0.00125
2.82289666876349,0.96957175652283,0.642365693188482,0.00125
-1.20478759977583,2.78206985622944,0.854509130304279,0.00125
-0.596229483665291,2.15569385054136,-3.0881113928694,0.00125
-2.81693902741862,2.31034347364932,-2.75450010838256,0.00125
-0.604095696296307,2.4638895086434,-1.3617910998804,0.00125
2.98382994700127,1.39196953023942,1.33538868968352,0.00125
-1.04772539876402,2.61239196125546,1.93164231460392,0.00125
1.85309704327791,2.34958338232703,-1.71203034114656,0.00125
2.3839018506432,0.804506986495251,-0.701065075904926,0.00125
-0.596830008158129,1.56089357468862,0.992486390931845,0.00125
-1.92085684665975,1.76308397288163,-0.774390397321312,0.00125
2.78656568752766,2.34908592096899,0.491930581547368,0.00125
2.53088688430066,0.502295527033035,0.755879918553652,0.00125
2.18796620413509,1.57855653730754,0.445693013012451,0.00125
1.54861409949501,2.42097293146785,-0.566345250350521,0.00125
2.36178574899197,2.00638723452168,-2.42037613415706,0.00125
-0.734717962506693,2.11989245283252,0.797211118572383,0.00125
-1.9906764547648,2.19900522973384,-0.383160065966781,0.00125
-1.43621217231931,0.36168925560295,0.0812041999702026,0.00125
1.30552754780243,1.69781640070014,-2.48701416356499,0.00125
-1.44198593834763,0.45870954299193,1.42163777522013,0.00125
0.998194664574203,2.29581147321321,-2.51731312867298,0.00125
2.25473719721666,1.6029672704785,-1.31298209112299,0.00125
1.73669590800538,2.44100279353884,2.87293066937531,0.00125
-2.76866810127926,2.09620211633501,-1.30022074952356,0.00125
1.8295141747949,1.68232927239842,-2.60718039455048,0.00125
-2.74928573578495,0.830663238725104,-2.79977014143697,0.00125
-0.411671578012926,2.11899561147745,-0.527296195100463,0.00125
0.0950942769569471,1.72730735129503,1.39346839373949,0.00125
-3.13738219077254,1.21309105286995,2.79989070131456,0.00125
-2.99222741497389,0.449165404793526,1.57811310889035,0.00125
0.0333803064953731,1.48423541636638,-2.75162949021334,0.00125
2.75356503235075,2.18971480835343,-1.41128312620771,0.00125
2.62262581539217,1.77643693296364,0.530350542224638,0.00125
-2.00480711870169,1.28284210213336,-0.635199501025701,0.00125
-1.05592964860853,1.71687454090519,-1.04825082611703,0.00125
2.98339332637253,1.179003681236,2.0929600750743,0.00125
0.768162661798916,2.01280712428781,0.557296666703697,0.00125
-1.08180830617889,2.10273870120882,-0.666333729675971,0.00125
2.17310740006188,2.52529369506382,-2.58831606880353,0.00125
2.39685423577101,0.894870243076103,-1.54801265625883,0.00125
-2.30081596746945,1.29505002483818,-2.90437847116911,0.00125
-1.82364744111436,2.28194237521649,-1.18547311179883,0.00125
-0.0972087471263168,1.17437116243088,-0.237978869225735,0.00125
-1.37171136656991,0.949330938813345,0.776780186018322,0.00125
2.26751750182101,1.47368998152743,1.77360827193208,0.00125
-3.13657333485799,2.54704370276473,-0.173076800052327,0.00125
2.48643549137385,0.364041161978011,-1.26195550815243,0.00125
3.01621687909514,2.0632695085293,-0.223535921485996,0.00125
-0.775457539768082,2.38883317330653,-0.00875995374981024,0.00125
0.77551245434397,2.48657832299705,-1.26482136714008,0.00125
0.17450124589987,0.781065604588917,-1.23442368294371,0.00125
-1.79690499194889,2.26725272887467,-1.65627327429152,0.00125
-2.19941980429193,2.632027196118,2.68000352107256,0.00125
-0.376120288754366,0.66589672822348,1.01856832674446,0.00125
0.493635907697172,1.71016810778995,-1.38727302341504,0.00125
2.55812638208206,2.27922222797373,0.0888226858614392,0.00125
2.04064421450051,0.883475906902516,1.93958282607615,0.00125
-2.84712331022973,1.96886486180516,3.14015579554401,0.00125
2.50966694429405,1.17196369943054,-3.10488747174374,0.00125
-1.45954432831726,0.517673093623869,0.986593412518223,0.00125
0.874411228240582,0.839078558410978,-2.95014761598443,0.00125
-2.39980229220231,2.12408330255347,2.22171252963569,0.00125
2.31067343694643,1.43060957574004,-0.592801432509926,0.00125
-0.3333134397839,2.10185178908989,-2.43672754946237,0.00125
1.78198982956258,1.20320089355213,0.292755943721525,0.00125
-1.36086249229257,1.87391080877546,-1.95566526088459,0.00125
-0.268045315759431,2.11550023705066,-0.788579466339352,0.00125
1.72804441232049,1.17053159232955,-2.06922277412839,0.00125
1.86596098568478,2.83120763701339,-0.0488112171215898,0.00125
0.913795206662804,1.84109121456983,-1.58735419189312,0.00125
0.056217851120978,2.03145176745461,-2.46465880920741,0.00125
-1.55040432254864,0.627530406259247,-0.66586444596729,0.00125
1.82032603157872,0.443559652274767,1.48634087860241,0.00125
-0.493582284638988,1.69653867198288,1.49727108759786,0.00125
2.68011549763307,1.05965463998165,1.77629338316557,0.00125
-0.701571145901979,0.491208267528558,-1.10044843920949,0.00125
-1.17162633416654,2.81656317398182,2.01613268386876,0.00125
2.97848924718623,1.99755673491545,1.64785990825347,0.00125
2.0685900818909,1.15965776556344,1.19645129292293,0.00125
-1.07008692895328,0.533690775716415,-2.06313823945873,0.00125
-2.36167787603514,2.94728838292093,-1.74549991904005,0.00125
-2.49331483793019,1.23243090105169,-0.871309168756943,0.00125
-0.233302612406234,1.21429844899734,2.70046291335549,0.00125
-1.42376293426797,1.1221639674962,-1.02663320176839,0.00125
-0.0391525632769289,1.13287009096978,2.56819823652303,0.00125
2.80589786927609,1.77846221785454,1.71712992686137,0.00125
1.96923424754419,1.89108942737977,1.64832905150984,0.00125
1.96807449686999,0.620874474351144,0.769009566209464,0.00125
-0.476735081553465,1.74729963612915,2.18104662436129,0.00125
0.883047002131092,0.649230064716309,0.373653516691784,0.00125
-2.3002532499968,2.96350192223516,-3.13478712727883,0.00125
-2.32479387347579,0.872609231400118,2.64009406965438,0.00125
-1.44243762676699,2.096013367574,1.7694567972919,0.00125
-2.68078512323869,1.98971011118879,0.0454699473132953,0.00125
-0.017294433030056,2.15932034759693,-0.952046000728098,0.00125
-0.460133522146077,0.785750176770953,-0.206133449578345,0.00125
0.449704712802609,2.38502419245948,0.685425137393503,0.00125
1.13586020354465,0.329849569470557,2.00860792601542,0.00125
-2.69492708293155,1.72974170523688,1.50878417261339,0.00125
-0.845709650392592,1.26903950530189,-0.0600347968922382,0.00125
1.71775027726508,1.40606102868696,-0.856697244485002,0.00125
-0.553652061576038,2.00172024127141,0.510461392540405,0.00125
1.10177623159742,2.59105598564139,-0.0647067631869655,0.00125
-0.780185398539123,0.979198674200462,0.360662504486298,0.00125
-2.3401796223117,2.88700113441912,-0.741036434602817,0.00125
2.27560123387785,0.711872824256378,-1.51314577050746,0.00125
1.82494909399216,1.11554752796471,0.482474137175857,0.00125
0.329368825340048,0.99649447851201,-1.06238118920822,0.00125
0.77764911634712,0.307123303095682,-1.83828888162179,0.00125
-1.20187366560166,0.575575148161705,2.11723009305301,0.00125
-0.431385351435459,1.0770934883421,1.64969529982322,0.00125
2.91157004486329,2.39111630434551,2.72945221034517,0.00125
-2.03335886705771,1.39156625396695,-1.32179376384402,0.00125
2.1252436337522,1.80898389581736,-2.96354507085373,0.00125
-1.5456007965528,1.64480537304698,0.830053385791737,0.00125
3.05350424271971,1.43460392125554,2.03761288128913,0.00125
-2.17209550322471,2.06060670354204,1.90547321848892,0.00125
0.155450484241664,2.22631465246847,2.72717812383022,0.00125
-1.16717020209507,1.43156337338877,-2.43053935808833,0.00125
-1.61145790587271,0.698114219644955,1.98253938520009,0.00125
-0.690587226738875,1.65544588039829,1.95085755158738,0.00125
1.90612087176386,2.31011639078054,-2.55995367069394,0.00125
-0.472194422897824,1.2914193833979,1.53670274267785,0.00125
2.64063508616618,0.799655123159611,0.892245874103579,0.00125
0.253079133274381,0.716372035567524,2.17254903801582,0.00125
-0.377679304750785,0.99948226445279,-2.53939242275284,0.00125
-1.67807981875673,1.20523822591702,0.53905811564521,0.00125
-0.850830412285599,1.29980589161262,-1.30654795322038,0.00125
-2.59173968940981,1.16259671383833,2.06015858065948,0.00125
0.698524843840515,2.12933736255489,2.84795724449933,0.00125
-1.63550349588586,1.44489241621379,1.33398169866114,0.00125
2.52155870220221,1.44247709358038,1.97019501990938,0.00125
1.4095531581541,1.61602473066126,-1.60722951968469,0.00125
0.826072227088758,2.13508461627204,3.03371858585914,0.00125
0.497356826328467,1.27260067157372,-2.54208234184709,0.00125
-1.82735743865979,2.58621421522668,-1.68062974386245,0.00125
1.18408019390344,1.89556763628538,2.74245915005807,0.00125
0.395091624763684,1.10051847848211,0.533697176418039,0.00125
1.83803956501868,0.820669565840553,-1.92769725968945,0.00125
-2.62309099299439,1.0148796746322,-1.25834179762456,0.00125
-2.8176624123514,1.66741934065314,1.59349255202179,0.00125
-0.353026199614638,1.82804304343673,-3.06351773414779,0.00125
-3.0857282731682,0.622259594484385,0.125470845430932,0.00125
0.822062081643172,1.70338771791748,0.353176462148294,0.00125
2.32682323376457,1.46226370517613,-2.14715124691032,0.00125
-2.08809864038476,2.48375955977654,-0.456298529227528,0.00125
1.14971552995871,2.82752633019429,-2.86608074185792,0.00125
1.59423901110958,0.682387121487261,0.167378525934419,0.00125
-0.883105422440837,1.51979759685884,-1.95138084692364,0.00125
0.84673300481853,1.65473017574843,-2.22595376313485,0.00125
1.92577935085425,2.23113233970495,-1.40150365488479,0.00125
0.974073059905088,0.775975040758816,-1.87634281432767,0.00125
-1.63824025258931,1.22475254835532,-0.326233088323908,0.00125
3.10496731112568,1.6059940339625,-2.84936856984405,0.00125
0.722145506434141,1.62201242524629,2.46507435616608,0.00125
2.37738034468462,1.91566295430733,2.98151657087392,0.00125
-0.411921751436399,1.64460058538599,-0.882625650900563,0.00125
-0.420881072921579,1.57324403204737,-2.52807166153563,0.00125
-0.358033009334676,2.67798870465775,-1.51120512422024,0.00125
-2.55605545569002,1.32312779644238,-1.31112428224806,0.00125
-2.72043663890432,1.28260906339352,0.26418391706634,0.00125
2.93582567855611,1.27128267045046,-0.462507701254647,0.00125
2.61213517389156,0.318050993004748,3.13402637692009,0.00125
-1.16723529724025,2.1136193230465,0.480133650539056,0.00125
0.838555229274036,1.09206477129124,0.173335595133759,0.00125
0.0143671085067112,1.61378693609303,-0.488305971525622,0.00125
0.596450898285556,1.81917360612636,-2.91709308631371,0.00125
1.24010375517002,1.93831214106022,1.65420613371964,0.00125
0.214816843626573,0.319197641753855,-0.398732338937401,0.00125
2.3755640404211,2.47950229627187,-1.80395202596772,0.00125
-2.43160550559732,2.91483026131308,1.82174762054014,0.00125
-1.86719062157032,2.49071517796702,1.81918659409885,0.00125
1.39819702807567,0.633534884855731,1.41946542956583,0.00125
-0.27780456044509,2.21178413638369,1.82865448855037,0.00125
-0.25908503552867,1.55104234723706,-1.908963276443,0.00125
2.59657625040949,1.50415726889054,2.77921175525316,0.00125
-2.38832455123771,0.892798891421787,-2.16535062071557,0.00125
-2.1504632837041,2.05283930926932,2.95291334931238,0.00125
2.8560702569957,1.99422080007401,-2.65355333959245,0.00125
-0.0720642695485657,0.344388854946623,-0.494153033591272,0.00125
0.772830397460602,1.30134644668162,-1.13901358485279,0.00125
-1.72334551669688,2.19903709670675,1.06515847365158,0.00125
-2.4717017820712,0.822138133771364,1.05902079710855,0.00125
2.62232783069061,2.73700838810598,-1.08610648804361,0.00125
2.24595416062533,2.96938689067109,-2.88628084518468,0.00125
1.2871067104078,1.01837275815631,-2.64760186952959,0.00125
2.42382540829836,1.86162085987313,1.24991929937751,0.00125
0.164225424623178,1.20144235501335,-2.97353609836658,0.00125
1.73459767443026,1.14669508463345,-2.7258312357657,0.00125
1.11115113021666,1.03175945171302,0.929902480250036,0.00125
1.67236344323295,1.32648378524135,-0.781337661997686,0.00125
-3.07052477809861,1.17759237604596,-1.72549930153757,0.00125
-0.445225340068909,2.63173102783831,-0.218119504132313,0.00125
0.579545741629473,2.82880939412326,-3.00165905526488,0.00125
2.21470049997463,0.904510854680835,2.46128026254692,0.00125
-0.784099607766467,2.52388889973444,-0.516032116706504,0.00125
-0.146168415962973,2.46065490289323,1.45477458949005,0.00125
3.07878185721719,1.30982143847867,0.720140210675461,0.00125
2.92828932620277,2.22593224905137,-2.88918358403156,0.00125
-2.45779723894169,2.57919404585548,2.29112924314994,0.00125
-2.20242168872488,1.99987614855795,3.09139509001491,0.00125
-1.12559570024106,2.296462222426,-1.31490870282847,0.00125
-3.02527307691692,2.18566927018386,1.32828347244235,0.00125
2.16782776324382,1.21302233849671,-0.119283327393889,0.00125
1.08346999896254,1.80875467695064,1.28387160388207,0.00125
1.39393795999868,1.15952160934907,2.85551321048406,0.00125
-2.39300908347678,1.06901739497656,0.393633098633194,0.00125
-1.71487894656815,2.60782850853655,-0.669650868971704,0.00125
-0.325335589633198,2.574170439766,0.727570506546357,0.00125
0.0157050911056348,2.97533849280841,0.758350482114471,0.00125
0.385491493216148,2.22044277285201,-2.19110990246699,0.00125
2.17951161860398,1.45734936714472,-0.673447769904044,0.00125
-0.60753493468223,1.29103635410093,-2.7880042350401,0.00125
0.622395308633072,1.74117040895345,1.24056650784067,0.00125
-0.757545887182518,1.50550617239495,3.01487228688172,0.00125
-1.61663229401653,1.74752203074064,-1.25588274432206,0.00125
-1.33120777541231,1.74330803911461,-1.77170313409383,0.00125
1.11261528718682,2.43509188451831,0.485281937679077,0.00125
-1.47045811018027,1.13115099573325,0.239235051403086,0.00125
-1.02880744451207,2.01080815254465,-1.27618219877539,0.00125
0.648943251246327,2.73233158792493,2.4598318512859,0.00125
-2.74533920031629,1.39455271526237,-2.34236592047676,0.00125
-2.21915561518168,2.23103655815245,0.467693834881741,0.00125
0.860921857194133,1.65971815932372,-0.191951461024231,0.00125
0.617522145093755,2.24215892702627,0.100000639832129,0.00125
1.48841769866064,1.96773058903453,2.70870537880212,0.00125
1.91010577316728,1.85959797112339,-1.96542868694508,0.00125
-2.11287087332132,1.60654697624513,1.84220428307623,0.00125
-2.79614818694884,1.30899425580411,0.843154034888599,0.00125
2.34650196489715,1.82459073128123,-1.87344835820783,0.00125
1.48855236847519,1.99163452837455,-0.985623475717145,0.00125
0.778294431234266,0.409683820851544,-2.35228260049337,0.00125
0.219147234050419,1.93904543027102,1.64189350837133,0.00125
-1.53166516485447,1.97817027470805,2.38192459479691,0.00125
-0.276268772777452,1.30033376070743,-1.82285030216185,0.00125
1.24042022394662,1.02940721351898,2.08294047461859,0.00125
0.57679901313815,1.08418906475398,1.78730129339351,0.00125
-2.54097215508152,2.45352726937551,-3.05635205152622,0.00125
2.24515154501836,2.97568000920695,0.930030923439354,0.00125
-3.13706132813753,2.40249095473661,2.16124105649192,0.00125
2.92479668873143,1.43293260954856,0.832900755506368,0.00125
