2.42291720914069,1.18218060902046,-3.02419458874124,0.000625
-1.86550598348492,1.57477707343005,2.674077887902,0.000625
3.0429924815123,0.524567833544179,-0.374104266398373,0.000625
1.72150128304518,2.10625371385824,-1.77899509861439,0.000625
-0.91155962621827,0.779186613643548,-1.96936301858129,0.000625
-1.70528145261918,1.7498847209461,-2.76090367878156,0.000625
0.103322423227225,1.50328694148013,-0.362099558214208,0.000625
-0.0694276930591446,1.31867067465112,-2.90947271422114,0.000625
-0.451048872621334,0.261037694299799,-1.79240368417545,0.000625
-0.758031881863553,1.77599219359959,0.398610935432732,0.000625
-2.26645852348472,0.53573952001958,0.544575688519085,0.000625
2.44518472709636,1.81159920784641,-0.847389293579886,0.000625
-3.08418939186819,2.13511100993692,-1.31609539938731,0.000625
2.04172950431162,0.489811300175265,2.64163769950523,0.000625
-0.42866388333223,2.50207670541412,2.25380432575561,0.000625
0.808781744565092,0.272270200278857,-1.37382272004172,0.000625
0.100193301890666,2.82769302086006,2.53231537820362,0.000625
1.2301142955936,1.93208790105459,0.913439559223504,0.000625
-3.05145459251206,2.93878646061917,1.5580014696652,0.000625
1.77487558567815,1.09801902576043,0.390828528187776,0.000625
1.6249613875922,1.78887568102196,-3.03406305820387,0.000625
0.367317143048177,2.29419477906344,-0.902067389274367,0.000625
1.64329326445579,1.93260010820441,-2.23667636593191,0.000625
2.2726168536681,1.49160234085778,-0.894980596301135,0.000625
-0.486854269418049,1.89049074038325,-2.43674615802238,0.000625
2.71799440040589,2.36569986572403,1.02080488018376,0.000625
-1.09416107838025,1.50073204372309,2.04942681432448,0.000625
2.42928737939319,1.26071661120844,-2.39486462556424,0.000625
0.372563087269937,1.21417955290088,-1.42564158811781,0.000625
-1.30654278509394,2.00779717673991,-2.70991762800306,0.000625
0.814592673172454,0.361586588658511,0.082996416719782,0.000625
2.16731325350747,0.810102493854785,1.70205640260711,0.000625
-1.15004411998698,0.898221385697223,-2.13294225131645,0.000625
-1.77947834739597,2.81112011532827,-0.73429686590881,0.000625
-0.980099392509937,1.87646151088168,1.14338709469895,0.000625
-2.75947606521922,1.60074525464264,0.970374634648195,0.000625
2.76891775117189,0.775692069991316,0.707358589821088,0.000625
-0.940455258478346,1.64775337681293,0.887154327966568,0.000625
-2.3073670727416,1.09615198540765,-2.73913375236472,0.000625
-1.78134333174843,1.04031939588532,1.9122357889446,0.000625
2.44760588125891,0.7179910234114,2.39213530538585,0.000625
-0.769366707553877,2.32073946683459,1.09540846308734,0.000625
2.69046729910501,1.84582740911298,3.01875043947655,0.000625
2.56946367969192,0.349896068534018,-0.323771772473164,0.000625
-0.670442532314498,1.42912221347895,1.73263265640895,0.000625
-1.72154089915171,1.33397674503959,-2.58272630108873,0.000625
0.97456627588881,2.32745389062883,-1.96539243137059,0.000625
1.51239665054537,2.52548545060092,2.94427626652244,0.000625
0.530040741711758,0.528606282387782,-0.595473353175409,0.000625
-1.51020811754322,1.33062615330853,2.93546846537236,0.000625
2.49205497013543,2.68975821901082,0.580674456458881,0.000625
-0.919840260090768,1.22089263551082,1.52271992934861,0.000625
-1.6162554020041,0.109400574830225,1.83236658457392,0.000625
-2.80925582417419,1.51998839121681,-1.41163416196496,0.000625
2.69144127310601,1.1502425078626,1.39972624537808,0.000625
0.652918741872045,1.17189672084714,-1.15144184634739,0.000625
-0.599244301410817,0.5385532342022,2.3813982454892,0.000625
-1.99180473395941,1.75881106889806,-0.983519609390021,0.000625
-0.451566000405015,0.616672252665486,-2.26529391018793,0.000625
-3.01286847724569,2.10217874386289,2.19502080667545,0.000625
-1.35625388507201,2.29152060777629,-0.675185888037642,0.000625
0.522807461670707,1.78399784234297,-2.00717903505679,0.000625
-1.60478289030259,2.96364396402611,-2.66334807536969,0.000625
-1.96306597628334,1.38580139749602,1.89038157896654,0.000625
-1.71918957758591,2.08479078485459,-1.24340480992278,0.000625
-1.74952552566855,1.19931466894508,0.105578796856919,0.000625
2.47562266184279,2.03900765337504,-1.27467617295834,0.000625
-2.99887029296671,2.12948820190687,-0.179714625850134,0.000625
0.243775098482827,1.7110311548274,-2.67372667047112,0.000625
-1.8846184125223,0.908516724975152,1.66606851389478,0.000625
1.14013929096203,1.10330210771212,-1.7277920029661,0.000625
1.58276637728508,2.29278287874251,-2.19289657690542,0.000625
0.946325692928837,2.74730119929634,-1.66098748583911,0.000625
2.14117857749515,0.467555089705341,-0.615518947048737,0.000625
0.272062072635143,1.30710575434767,1.37013352552286,0.000625
1.59850139022017,1.4247192556645,0.99347038190001,0.000625
1.65204385089265,1.70063573221551,2.09041981159616,0.000625
-1.63464680122307,1.2153422254562,0.155623095142506,0.000625
-1.96991714648117,1.71723588637223,-1.37252745236677,0.000625
-0.724684226727848,0.647907565135032,-1.66755725412977,0.000625
1.88402485504564,0.408844383007472,2.29705993493005,0.000625
-2.81119126053823,2.73143315062117,-2.88007913036995,0.000625
-2.01215802449757,1.41574199423766,1.18960577185757,0.000625
0.20935339107038,1.53485560620786,-1.29488138143219,0.000625
0.115837731967806,0.974537323897616,-0.153619903270433,0.000625
1.63552575894395,1.7930487964488,1.72395176930584,0.000625
-2.63453293878774,1.79067312571797,-0.120044294895174,0.000625
2.09310174266,1.00050851907076,-1.07008826393892,0.000625
-1.36138224860611,0.845917972136475,-0.612459950771929,0.000625
-1.6243184001549,1.07481952494616,-1.1045714896256,0.000625
1.37013342581586,0.375946566068759,-1.01270086137649,0.000625
0.470607886341372,0.794650888790113,2.53558950185258,0.000625
-2.79219682371742,1.67711873828659,3.08030747068742,0.000625
0.639713378463779,2.57314883654719,1.85624600674844,0.000625
2.49828207464564,2.00853292350553,2.59673112635763,0.000625
2.03804817335735,1.97727861313584,1.22335690796566,0.000625
1.46894985214279,1.0183760078178,-1.57453498524554,0.000625
-3.01640269558127,0.690481603061473,0.0709948930827478,0.000625
0.527072938912876,2.43395115186889,1.35658016854846,0.000625
-2.70262978339409,2.34901464755327,1.93762059483831,0.000625
-2.69717094151098,0.744882501710534,2.8717635893087,0.000625
2.49107676324966,2.54090296740558,3.01927395562685,0.000625
-0.18003662622282,0.918059663727162,2.67477498442267,0.000625
-2.0720949292107,1.31639695138305,-1.34299166580808,0.000625
-1.48324338067265,0.457895870198423,1.64802982302958,0.000625
1.57253512902166,1.8965061013085,1.24904252078633,0.000625
-2.07823900501438,1.36696437777736,0.872418222045662,0.000625
1.56562457934857,1.49072907645024,0.231814917860781,0.000625
-3.12728165178194,2.11368864816772,0.230727440655195,0.000625
-0.850576290895017,0.559934818895539,0.200826101810165,0.000625
-1.3799016009988,2.4074229365866,-2.40043966321486,0.000625
-1.46500542229165,1.96378892873419,1.98675343183682,0.000625
-2.16810469774019,2.04927655158642,0.719669562424949,0.000625
-0.343589169371471,2.23950942691982,0.513103318208075,0.000625
-1.97038462731587,1.30240790237207,-2.49711945206517,0.000625
-2.09671085569687,1.7827745504477,-1.60626624091151,0.000625
-2.67264059235214,0.498218283125923,-1.62400376991057,0.000625
2.53209970371997,2.41438269344915,-1.29098113788515,0.000625
1.48510610313977,2.30748930215292,2.3613661752239,0.000625
2.12033134801248,1.69480161087474,0.158747328565776,0.000625
-2.59718555872939,2.41033779472381,-1.42376649882837,0.000625
-2.04681601851819,2.12330845323066,-0.301326173235414,0.000625
-2.59660738827035,0.156734086899808,-2.26559121403836,0.000625
-1.91398646392792,1.44876681287703,2.97204889608851,0.000625
-2.4743098402233,1.76616498256212,-3.07562076019078,0.000625
1.22773745933279,2.64530163604661,-2.45016971867167,0.000625
2.26045710501645,2.34351096879265,1.02602510738692,0.000625
0.296623595608272,1.61616768019083,1.79297322265696,0.000625
-1.333945186928,1.47421464204439,-2.85418819626855,0.000625
-1.12674354300043,2.89747210760576,0.651459466627023,0.000625
2.83791997540217,0.740966554615178,1.27666133198276,0.000625
1.16921783997793,1.33579278926708,2.26590518318931,0.000625
-1.4245307702753,2.57122090337385,-0.395975538030634,0.000625
1.87655378503047,2.72258012547459,0.918099614380111,0.000625
-1.473241443881,2.281118023944,2.26665761092134,0.000625
-0.828013148388269,1.47652626331088,0.50566714695732,0.000625
-1.75293759244772,0.546269677548729,-1.1546572825387,0.000625
-2.3093830202791,1.5799553842835,0.161439288020767,0.000625
-1.10369310695526,1.01163802960282,0.397491010351547,0.000625
1.36620356489862,0.967443260459233,0.735490563905596,0.000625
2.87215606742609,1.49122434355723,2.33180145954846,0.000625
1.46568894001389,1.71495522627831,0.608314326233204,0.000625
0.148715035618118,1.48430876070167,-1.67319125632554,0.000625
2.21484633268713,1.03139122745126,-1.62025142737508,0.000625
-0.36455132599959,2.24314717438661,-2.90770736318308,0.000625
-2.50487477807997,1.21666549018382,-0.0302314936152604,0.000625
-0.702393313539997,2.13717451107218,3.03969934430231,0.000625
2.91044263840645,1.52328824607054,-3.08469909505678,0.000625
-1.28092302189737,0.139983022498794,-1.49019383291112,0.000625
2.88650396755542,0.816008394676824,-1.39463041816964,0.000625
-1.91401386842712,1.96541305551329,1.15805483396363,0.000625
0.515775023331397,1.12250048195358,2.02654312902628,0.000625
1.62199660317447,0.532803869241847,0.348462498443398,0.000625
1.76926763270814,1.65399421168054,2.2035920933301,0.000625
-1.49611300979302,0.965027971779046,0.311116654642051,0.000625
1.58616561653984,1.70648660389467,-1.78102714306729,0.000625
-2.31603905641097,0.687811194831359,0.97424370322957,0.000625
2.72659833971238,2.50765834196097,-1.19399454861684,0.000625
-1.14893994817039,2.52911818052766,-3.04882282852995,0.000625
1.06889858740597,0.867663670713761,-0.615246380429978,0.000625
-2.00621294145239,2.72290665573583,0.834634801526002,0.000625
-2.57518421860801,2.84547365576263,0.76942009086692,0.000625
0.85849340102785,2.78341412647576,2.54364351132575,0.000625
2.89264437214743,2.2280648886169,1.81591377465077,0.000625
-2.45451123378705,2.03002466579567,1.02839459696112,0.000625
-0.587258744773357,2.04595392261321,1.82735923981276,0.000625
0.664857458740217,2.23517701355793,-1.19679012666726,0.000625
-1.26765901565814,1.82102289486301,0.0627776491417388,0.000625
-2.75029672477699,1.88931816066426,1.78161552338367,0.000625
1.7464244937203,1.43923582593149,-0.675921693663085,0.000625
-0.566357190642453,1.37873791755602,-1.34954915387498,0.000625
1.54051341111888,1.22133381933456,-2.75142645786676,0.000625
2.37716988527689,1.62934951316003,-0.331610685971804,0.000625
1.76856875877759,1.28590128803547,-1.1253593260163,0.000625
1.54911214417857,2.26707317185656,1.97728208670933,0.000625
-1.84415264053695,0.849938851002437,-2.03213153992609,0.000625
0.722212043958715,1.89142694518604,1.76678988083375,0.000625
0.674943686739562,1.37656163151375,-3.0388732093393,0.000625
0.888910683987426,0.281644748441119,-2.24670109347438,0.000625
1.85183772066682,0.607854095295806,-1.36845825240815,0.000625
2.0671886137543,1.33194026851429,0.688278813987396,0.000625
1.37135067467953,0.260042250125754,-0.873689680831742,0.000625
-1.24210705672556,1.52242585183544,1.52930332489653,0.000625
-1.34684329881556,0.428105692722882,0.341545020778426,0.000625
1.31011337484344,1.27931324103917,-0.692274612305441,0.000625
0.995332735997731,1.70674180905703,1.9681296233209,0.000625
-0.141895936144553,1.92373364667067,1.42753335476477,0.000625
2.54699789359209,0.300433018916181,0.165469999598498,0.000625
-2.96503017593567,1.85174018967224,-0.954196648054886,0.000625
1.78273148629143,1.41405210065324,2.97143939374123,0.000625
-1.15156339505263,1.94482733871787,-0.776409234015528,0.000625
-1.11469841255702,1.79267361484412,0.557245413606987,0.000625
-2.14152898639364,2.06877261755418,-1.11410584248494,0.000625
0.73926164968318,2.65520496124571,-0.446870771348844,0.000625
-0.264230731274525,1.52852275758853,2.02472374166903,0.000625
0.876150245743086,0.979595637500341,-2.72044463973085,0.000625
-0.496269305747184,1.70718345977412,-1.31846738204525,0.000625
-2.67458833370628,2.41544294403574,-0.680477298753225,0.000625
-0.184838859659594,1.76656688627088,0.621496262420303,0.000625
-0.662719936869721,1.22472888970534,-3.05128644791878,0.000625
2.62111353995542,2.32942028859278,2.6437166484962,0.000625
-1.54485258051658,1.70966640601316,0.14039135153384,0.000625
-1.08918499570787,1.96997351118022,-2.96960099564526,0.000625
-2.15488291503682,0.148432896253099,0.174765375421235,0.000625
-2.47174895447581,1.41954496740889,-2.46210658229871,0.000625
1.04945665314286,2.43242544420666,-1.28052275745718,0.000625
-1.13602201946352,1.86828384942477,-2.20840618899171,0.000625
-0.965625319463615,2.30742640556439,2.99206413721517,0.000625
2.18795178921369,2.07745683948958,2.06820848019272,0.000625
1.25961078128822,0.849290833634074,-2.24023309353863,0.000625
0.51196073880521,1.89650745322977,-3.05067539001041,0.000625
-2.35625606529765,0.959055130895692,2.27321216506638,0.000625
0.694405507945235,1.33043321050014,2.53409785923465,0.000625
1.0743936597583,1.64961463855472,0.259254247539641,0.000625
-2.00650635532864,0.82930169828127,-0.186121127963098,0.000625
-1.49762524718561,0.608191035269119,1.30204081328171,0.000625
1.62220155900343,0.292193675442228,0.255199380546063,0.000625
-2.58708112448331,0.59128255857358,1.6660329307904,0.000625
0.748360349517953,1.16349432267978,1.42536814356064,0.000625
-1.26504988721378,1.41967724224447,0.485631713328103,0.000625
3.00669264560202,2.37790615315157,0.303269849616138,0.000625
1.08237943293242,2.16964918471582,-0.115052755277293,0.000625
-3.06823494612262,2.00011272721628,-2.58046597706077,0.000625
0.185598397651694,1.41504259357885,-0.31464596333046,0.000625
0.143511467510422,1.22246620826902,-1.03242281203914,0.000625
-2.49129845781136,2.30048865433878,-1.27723949753727,0.000625
0.219269378697467,2.04027616133102,2.64344795528007,0.000625
-1.34852409420703,0.815423722796609,-1.28432038397954,0.000625
-0.646912937400625,0.813140647906259,0.79703697640622,0.000625
2.32497517722939,2.01981513887105,-0.731162329188154,0.000625
0.462891342191601,1.84151679803334,0.34690071423822,0.000625
-1.9314753480245,0.640970939669039,2.53709717591512,0.000625
2.37128057386345,1.36844910625377,1.13169460528729,0.000625
0.580418450655429,1.56536102609709,-0.602702111001511,0.000625
1.79799958099017,2.45064777258224,2.48611750891419,0.000625
-0.409086342896094,2.44894005824946,-2.28390419909888,0.000625
-3.00298341374269,1.21915415853503,0.629232070589878,0.000625
-2.8488449582504,1.52268323036932,0.725522332942058,0.000625
0.516877063995605,0.945451874423916,-0.494208353242663,0.000625
2.00033707631361,1.31221272865273,-0.12887546158498,0.000625
-0.247967765111501,1.35734205894346,-0.516599293463532,0.000625
1.67913744342499,2.44917727571333,-2.86063210313262,0.000625
0.478739213189299,2.03354020814569,-0.454322966601969,0.000625
-0.945047492958961,1.78814369321117,-0.116953941292687,0.000625
0.651737771100782,1.68032589884931,-1.80639379187122,0.000625
0.23316511203197,1.87526356926266,1.35956601609279,0.000625
-1.04392281150841,2.73217846351662,1.69950891544994,0.000625
0.059073894438471,2.7288999747388,2.90973678535688,0.000625
-0.544042719563089,0.922417040736812,-2.93077163134658,0.000625
0.651516712165079,0.642034313941167,-2.24708476683165,0.000625
2.10482373829532,1.197000147147,1.57150160801072,0.000625
1.38852442524083,1.47588877373998,1.50483585242899,0.000625
-1.61711471758516,0.76324447770731,-0.147531801790035,0.000625
-0.489239426419427,1.51362202125983,-0.68246705628077,0.000625
-1.69005349898421,2.21711645781656,0.441645996736562,0.000625
-2.93027541251425,2.30995603268438,-1.20491707350505,0.000625
2.40763021657218,0.809105500229523,2.54621429018771,0.000625
1.72705303919189,1.5120402194297,-1.33189210127052,0.000625
-2.72928572949598,2.44509881725279,0.371283160319629,0.000625
-0.0895999802737292,2.2376576929152,-2.34640893085193,0.000625
1.72095110729793,2.75536646336389,2.05810546497543,0.000625
-0.240731953741626,2.59363398695907,1.37230938781835,0.000625
1.78516932001955,2.08046785490969,-3.02410681899916,0.000625
-1.30271340880567,2.03568315953237,-0.736155104686244,0.000625
-2.38002156989106,0.746202137001454,0.308051841427473,0.000625
2.01769391549338,1.41667525529629,-2.75713214816193,0.000625
-1.14202298233396,1.55482059377069,-0.787472511502229,0.000625
2.15057770008354,2.52415624324708,-1.05691320046552,0.000625
-0.459043109469405,2.57719024374726,-2.99787689208049,0.000625
1.79620343014375,1.87170056518715,0.736262606656029,0.000625
0.486315241780255,0.401932370065184,-2.92710546518665,0.000625
-0.73168872177403,2.72006964789707,1.53656733863945,0.000625
1.5890374847965,0.508486905995075,0.783477045099995,0.000625
-2.1396039735269,0.829071784972902,-2.28014162623505,0.000625
-1.95663499301699,2.58033709057773,-0.0295244419476739,0.000625
-2.84422479898849,0.925037658642621,-2.57683919169187,0.000625
-1.69542410966195,1.33408833754934,1.67934007259176,0.000625
-0.317947871832412,1.93834726086969,-1.92771997930035,0.000625
0.494184725535945,0.697497285514398,-2.41918792504521,0.000625
3.07891062030067,1.55224307984195,0.335008564107365,0.000625
2.81559011033017,2.28200814755305,-2.61422123403061,0.000625
-1.90465902739344,0.596111492130384,2.07273916609172,0.000625
-2.05143514152086,2.35097885632337,1.98367338532965,0.000625
0.323684186281183,1.23352277472802,0.874294599435081,0.000625
-0.087092104018137,1.01021290605427,-2.52579859380595,0.000625
1.20072733292653,1.07474743428293,0.850155724323246,0.000625
2.37413464999917,1.83144906092961,-0.103383281826413,0.000625
-2.36229843543593,0.904613541162068,3.07250663299121,0.000625
-1.58459948677508,0.888681375733982,-2.31015019486142,0.000625
-0.675775724785379,1.75259315626879,-2.97547079532905,0.000625
1.51283712617251,1.26303027775077,0.0391549034385184,0.000625
3.00029003020478,2.31856582603287,-2.13124466472807,0.000625
2.98798804242976,1.39344694029874,-2.46086541652252,0.000625
2.12604074114138,2.21094575523759,-0.498584231764886,0.000625
-3.10723895825276,2.11303399568055,2.34090665829424,0.000625
1.60358064833145,1.85217975718351,-0.823019352187913,0.000625
0.0479365656745448,2.46430704615638,-1.60012395008803,0.000625
0.705713778618219,0.727463567376039,-1.76988530160297,0.000625
-1.67205550149542,2.65033870817,-2.13616417081472,0.000625
1.77110572153286,2.65888239681923,0.339705574299761,0.000625
-2.76198245633442,0.998729228290917,0.436393349184255,0.000625
-0.577504179928066,2.36282763652197,2.69732709265892,0.000625
-1.83796872800963,1.62947927269213,-1.79418782261559,0.000625
2.87639236867037,1.87834309376451,-1.16626909691413,0.000625
0.478773467645085,1.61407059326795,-0.74073676107061,0.000625
0.553805461961299,1.28269569389512,-0.182840025485031,0.000625
-2.81095872303433,0.526244424825236,-1.44319930217905,0.000625
3.03927972549513,0.987564709500937,3.0219601085487,0.000625
-0.801929089326335,1.37493078797535,1.27749487048921,0.000625
-2.87472378665842,0.465265152594506,0.0213970737752247,0.000625
-0.184288332687277,0.118059117389986,0.497745906298373,0.000625
1.87042107191208,1.61471047107442,-2.63915620610264,0.000625
2.99950219927753,2.34814473427515,0.792220640537905,0.000625
-1.0734420335285,2.11450027874307,-2.15575141901428,0.000625
-2.35696592886603,2.46650312673617,-2.22069308567026,0.000625
-3.11824960302598,1.74420087025009,-1.06992104001156,0.000625
2.07094813132421,0.551308962506807,3.11923349596001,0.000625
2.8940344261173,0.138987332399279,-2.05691590501056,0.000625
0.504739928920268,1.07680785536084,-2.11209655328799,0.000625
0.126689247415555,0.945854361364172,-2.62790869108702,0.000625
-1.70040726590631,1.11371515913731,1.40483228868976,0.000625
0.122699437542912,1.10506386190128,2.96648651938216,0.000625
-1.66814719864735,1.61498970477588,1.5238499338104,0.000625
2.2718507359476,1.67379536204785,0.523786769388847,0.000625
3.01274269054842,2.83810617693271,0.957065251595302,0.000625
3.13490366350746,1.39336095852089,-1.88978268851724,0.000625
2.64107606833956,2.93962095352874,-0.819919212136279,0.000625
-1.87831720065616,2.37257479000407,2.99784219725242,0.000625
0.952203267472291,1.41079543544986,1.62440086250462,0.000625
-2.14880047216272,1.04530978109291,-0.871430019978804,0.000625
-0.325330828304784,2.21158286811525,-1.27763034343634,0.000625
0.260265496017768,2.07369334732626,-0.11047872389482,0.000625
1.80651028678122,1.41421832120626,0.872400347618239,0.000625
-2.43656922561809,2.00933543294617,-3.08935961964476,0.000625
1.72035005294142,2.74064095826752,2.76159627126232,0.000625
-0.148722041210414,1.29737390696443,-0.605141855627879,0.000625
-2.16503300224371,2.05040669879721,2.58330785849612,0.000625
0.605028752661463,0.821840761913144,-0.291902343309856,0.000625
0.335209454631205,1.54778562499252,1.8898373604465,0.000625
0.180489897664908,0.512638385608544,-0.687865050569739,0.000625
3.01622633791411,2.15394239354142,-3.05224475288754,0.000625
-1.30977652375721,0.97463994842651,-0.291871464903962,0.000625
2.49222076523276,2.07593473606387,-2.68720567920996,0.000625
1.83417401627996,1.48994116176259,1.79718641860667,0.000625
-2.04107271740242,2.45929150711178,1.19120420214302,0.000625
0.966860853590135,0.361181719013928,-2.84578167904295,0.000625
2.92683825379183,1.75491096978373,-0.000527149869676299,0.000625
1.61803649384712,2.39878476853914,-2.76861275594587,0.000625
-1.26173435348426,1.02932935029585,1.43187483712368,0.000625
-2.67459894003406,2.51604004633005,-0.058566059051588,0.000625
1.5104268759574,1.66824533176122,-1.69254460426507,0.000625
1.69373558969024,2.53858950381719,-0.397258032522727,0.000625
2.62102458065662,1.23797858962841,-1.11802672131714,0.000625
-1.81265486749853,1.25238878020465,-0.266811436906985,0.000625
-2.03503316840113,1.71115516178508,-2.90128617026799,0.000625
3.00727917379775,1.28262215320209,-1.35231780183126,0.000625
-2.86151541244803,2.28216546453168,0.776743137941733,0.000625
0.801821122944717,1.8185299443635,2.38640528721078,0.000625
1.01711717264152,2.23115325617144,1.61222902458824,0.000625
-1.30618205796122,1.82416282003409,2.47276511540182,0.000625
1.58499506501423,1.10432489075859,-1.82985891358227,0.000625
-1.34425926359331,1.10135247384484,-1.59318913010409,0.000625
-1.09062100795797,2.38971001465899,1.72056115067208,0.000625
2.78481279489907,2.99967294219158,2.30837698132489,0.000625
-1.22927817888231,2.31188552904212,2.8073227042829,0.000625
-0.840959640566831,0.82791443121078,-0.153252488570728,0.000625
-2.56530024545381,1.20244991718482,2.58088514770543,0.000625
-0.862573782337873,0.548315152334972,-0.579561654619112,0.000625
-2.39798786417218,1.33962014652618,-1.43579073569678,0.000625
-1.99391712044922,2.37145279058971,-0.0610135792906654,0.000625
2.64585577657135,2.50802228078154,2.84578630730279,0.000625
-1.65523451089575,0.907299928004892,-1.65896054291981,0.000625
2.29305853076506,0.62856352730804,1.39995498878406,0.000625
1.98056201305297,0.880565680342625,2.26752678512823,0.000625
0.142741302421337,0.747902514750798,-3.04047405814474,0.000625
-0.883249280475767,0.277447759101513,-0.725653172098423,0.000625
0.575628387124056,0.563490072144054,-0.348307145662178,0.000625
-1.45411314321757,1.92948839975541,-2.04799174058279,0.000625
0.0917803160599099,0.77117111349035,-1.0259516577936,0.000625
1.95573859584079,2.06099743464138,2.4083996850327,0.000625
-1.08773995394495,2.89734382313418,-0.307950547087378,0.000625
2.50080319864155,0.154061025939054,-2.88659570729934,0.000625
0.887574386750995,1.42352935405857,-0.959980336469542,0.000625
-2.13825620053657,0.383930263219368,-0.26806190583651,0.000625
2.82588227604743,1.36920091036814,-1.73549173263785,0.000625
0.555677485564999,1.99619521041938,-0.355043588359838,0.000625
0.24167878823891,1.32857952554282,0.291606537499587,0.000625
-2.56085928523414,1.03846112380149,-1.84101480306052,0.000625
2.34337869652372,1.86175932315517,-2.65837044442869,0.000625
-2.49401864675525,0.0928783588476956,-2.84962343830052,0.000625
1.01806606438462,0.784158938169933,-2.55279365861575,0.000625
1.26020656775059,2.00039859097702,-1.9815841198088,0.000625
2.14609944607626,1.25841743444929,-1.93568357259543,0.000625
-1.21529507496612,0.962089990216424,2.35819399571691,0.000625
1.91103721546524,0.795258198840948,0.568488466246362,0.000625
2.49997480149441,2.44242803685497,1.27791524218223,0.000625
2.57828694935386,1.04247088239408,-0.878220295874969,0.000625
-0.899778091860593,2.80903276495225,-1.49160955059168,0.000625
1.09332101949088,1.35533558594539,-0.837436880140749,0.000625
0.820914639906991,2.22752848892126,0.769161604473504,0.000625
-2.90212865207774,0.607930404355812,0.338248488121681,0.000625
2.36707768049105,2.18491069589658,-1.72489504881809,0.000625
2.22906552895273,0.308436836370417,0.527040904450871,0.000625
-2.50025176835876,1.47961431981736,1.95792512324414,0.000625
-0.423325926349046,1.61926051065157,-1.06252957835894,0.000625
2.13077340589916,0.628618123710119,-0.000368562965358456,0.000625
1.68830591517574,1.22978917280031,2.23253043475842,0.000625
-0.0636184909465909,1.10945246558367,2.03775936566659,0.000625
-0.229418785911411,1.24429513350782,-1.13677417684485,0.000625
2.25529209383107,2.36392837952291,-2.94058064292317,0.000625
1.06154478955894,0.77613380240314,1.18433247892278,0.000625
-1.76249590929329,2.00471185343616,-3.04703322745007,0.000625
-1.15479808116077,1.79493631813125,3.13533623500053,0.000625
-2.48971001320243,0.602183886902029,0.547421597805118,0.000625
-0.290790428649963,0.511286791575506,1.97975612534034,0.000625
-2.23772313996375,1.93411634547975,1.01331002123998,0.000625
-1.72193388283446,2.24500096284257,-1.96318599153881,0.000625
0.580491852899271,1.97273119235306,-1.59512698035946,0.000625
-0.263676867202971,2.53433233768265,0.838857644414338,0.000625
-2.29035224355903,0.0966659785085256,1.22860226252904,0.000625
-0.189865274644382,1.69512596275496,2.45537540467432,0.000625
-2.34029380591653,1.37194520018122,1.51736563543448,0.000625
1.67650527024748,2.35946600901673,0.44235692167938,0.000625
-0.110698470395493,1.40187291176818,1.70624112079451,0.000625
2.61103155489495,0.846853136066558,-2.44280813870908,0.000625
-2.9046885280861,2.10013260941438,-2.77653709855123,0.000625
3.01679553170409,1.36911658933206,-1.31003309157571,0.000625
0.449747749244978,1.19042460847312,-0.63661604785672,0.000625
-1.64963226119496,1.60255082495171,2.1075861856019,0.000625
-1.91456843808842,0.185094541753531,-2.04894530270726,0.000625
-3.02445526151073,2.55966423112019,-0.759301167225227,0.000625
-0.0270080145015908,1.07063662857109,0.625276545365946,0.000625
2.48273349514805,1.28372254234867,2.37613759929363,0.000625
0.0527465217692199,0.644931973319371,2.17486487546802,0.000625
0.787520127540499,1.52655357804146,2.07050815942775,0.000625
-2.58175735580759,1.9124548256356,-2.29392288568975,0.000625
1.05067881368325,1.24071573102604,-0.186260149531986,0.000625
-2.03753748624335,1.03470345904438,0.665736419153149,0.000625
1.0832695907497,1.01575715427579,-2.37352416416617,0.000625
0.88965816079562,2.23363678817711,0.349887456952085,0.000625
1.45063034129527,1.9585741271255,0.000945257554688409,0.000625
2.16712773670805,0.573500645002882,-1.52865328020711,0.000625
-1.03768158780057,0.630632601329955,0.519258170030818,0.000625
1.62648435852071,0.888180452862783,-0.869454487142382,0.000625
-2.97086176786923,1.63020320166982,2.37930464383994,0.000625
-1.6491711433639,1.39595490200388,0.888456246266362,0.000625
-1.79960415303047,2.84862685530896,0.617323300909531,0.000625
2.18075942220651,1.02260871321552,-2.34027739633906,0.000625
-0.73150318860848,1.73808549714988,1.56932585228807,0.000625
-1.45522317310755,2.5193954607887,0.780919184099311,0.000625
-1.95058421378273,1.69410674634615,1.55940673568987,0.000625
-1.07716477141731,1.56101170280074,1.3777602215971,0.000625
-0.16040384655326,0.358993619912774,1.32103805016808,0.000625
2.94308633631882,0.157586783034804,-1.61597720772225,0.000625
-1.2616021403072,0.552374214543196,1.22286987729663,0.000625
1.21161936745493,0.371119577937411,-1.97662149686715,0.000625
-3.05713326205385,0.651787854396507,1.77323328377868,0.000625
2.67012014692521,2.98657718526748,0.239918007012663,0.000625
-0.954085756792599,1.29748709838626,0.75183113442723,0.000625
-0.412559023031374,1.30077559229132,0.601350845772878,0.000625
-1.19796559443828,1.89282990776171,-1.75342198678328,0.000625
0.0843338101618166,1.52732750077572,2.46272870968512,0.000625
-2.58715849123983,0.857917158363514,-0.420089665759422,0.000625
-2.74462647322334,2.16799860011702,-2.2421546177966,0.000625
-0.151488547527669,1.50847414928388,0.977018276958431,0.000625
-1.55479588500796,0.386611378302461,2.32683248806587,0.000625
2.56030632179061,1.77451162588434,0.22804374734119,0.000625
2.53550697675975,0.884687805367941,-2.13952684740189,0.000625
-0.66489752655718,1.89307637448548,2.21898989563308,0.000625
-2.45365489520765,1.99784902419915,-0.978970469379659,0.000625
0.482605730038321,0.685061096079531,1.41276971064127,0.000625
-2.152193349994,1.41377781851739,3.03219331282422,0.000625
1.6118904485025,2.10901864910803,-0.359553090880156,0.000625
-1.13367689624179,1.15188379276673,0.138219706852971,0.000625
2.18272867969155,2.01265822217663,-2.1603693377278,0.000625
2.15098150005503,1.00054910377388,2.81628626668068,0.000625
-0.360410169616314,2.51278038475699,1.8479990561927,0.000625
-0.209569490255151,2.2168956381171,1.06334173823631,0.000625
-2.57546721184227,0.1309679941506,-0.566941829644555,0.000625
2.15596927640711,1.21771112747462,1.58077312018865,0.000625
1.60150652221547,2.22560788748282,-1.00768847847721,0.000625
-1.47803439104119,1.76579731557655,0.436201567851535,0.000625
0.378292124261021,0.988806243508188,-2.6660346207217,0.000625
2.72817071422906,1.08427693414844,-2.87025864805728,0.000625
2.45486760697543,2.25377872381892,0.109684870323935,0.000625
-2.99177563315522,2.23461704554426,3.04192532498802,0.000625
-0.507614640710914,1.67943758448339,-0.459496838971205,0.000625
0.370250743266902,1.24822074356686,0.337325535360525,0.000625
1.12380251571739,0.460419955744085,0.225442989780698,0.000625
3.13944093277601,1.84694984015224,-1.46572267201078,0.000625
-0.504531221660125,1.3964456796032,1.69733997174125,0.000625
1.13573157601964,2.52053935277571,-0.546851435427954,0.000625
2.79172475658931,2.23842239159341,2.51404835382562,0.000625
1.7471963096254,0.634963210414903,-2.37684594216457,0.000625
1.50110067257535,1.48925648179452,-2.58798164239273,0.000625
1.89552394971946,1.11647947474162,1.11320029332767,0.000625
1.2172278607324,0.612510970170503,-1.5216920319129,0.000625
-0.317652019416582,2.67571997776373,-2.42585421897605,0.000625
-1.24190826737485,2.63561059736759,2.39574549099591,0.000625
2.51110901631332,2.02993056204265,-1.73385581526564,0.000625
-3.11598341840976,2.68141790245475,0.440218899861153,0.000625
-0.353021015954363,2.26570360237606,2.85942875762607,0.000625
-1.64542263819092,2.15171782664938,1.48673621193673,0.000625
-1.55410537070862,1.87083342501312,1.0191441871703,0.000625
-0.81115834729588,1.73367507466872,-2.20272934532997,0.000625
-0.816887911545576,2.07219941078592,2.42452040943729,0.000625
0.524476931413236,2.67547347252247,2.88009934481272,0.000625
-2.89278310823504,1.22949058413019,-1.06938953680389,0.000625
-2.26509874623557,2.35740271630081,3.03214032407008,0.000625
2.83334042512161,2.20948352134011,2.29815956864671,0.000625
0.0470518194605339,0.657252539479914,0.365439142129332,0.000625
-1.25589229503978,0.792496544522542,-2.60884714211573,0.000625
-0.512949549541986,0.367898946488203,2.57045015573788,0.000625
-1.73601270878236,1.00322406641341,2.78664952085926,0.000625
-0.330382395605456,1.64342094703359,-2.10893698772973,0.000625
-0.634622100848937,2.62974776936209,-0.198039653022444,0.000625
0.129662088572129,2.52634051670698,1.73611810693068,0.000625
-0.0646198288052393,1.73115557865977,2.10498625796968,0.000625
2.32672896701924,1.57895509411335,-3.08268715263968,0.000625
-0.620399008800846,0.985175646757649,2.16103201973641,0.000625
-2.41269790858243,1.49054892419061,-1.61796105853369,0.000625
3.05349706523877,0.928024127694112,-1.29693338210765,0.000625
-2.60118802151528,1.6716696748025,0.135034840919208,0.000625
1.40972716467107,1.44143520660776,-0.153814829909982,0.000625
-0.018842155235603,1.04268613636656,-2.04743865776525,0.000625
-0.59373616364556,1.40807238907932,1.06523337177705,0.000625
0.497539176902118,2.41815639827544,0.366397114046075,0.000625
2.06962945560337,1.23357783545028,-0.223404655408506,0.000625
-1.42980508943825,1.35906619103694,2.31836228084897,0.000625
2.05286067045927,1.27665599663546,-1.83959029897932,0.000625
1.20748646202463,0.364655229176587,-2.45679386980068,0.000625
-1.94694136552211,2.58740779896196,1.19929124264885,0.000625
0.5293008898331,2.01823621170027,0.909648609895532,0.000625
-1.65360588979976,1.87816109313377,-1.04262664828732,0.000625
2.6543373212671,1.14678512305615,1.33851439159714,0.000625
2.43260103941569,1.53297901059383,1.67397005081181,0.000625
1.75965766912471,1.98986093255059,-2.40256126415376,0.000625
-1.05382123941617,2.28188732079193,-1.56552975822064,0.000625
-0.251617246859529,0.529981141275879,0.307638471837901,0.000625
2.87457015312467,2.10236468878062,-3.04396415794704,0.000625
-1.84745198427149,0.208568442034138,1.39920849571932,0.000625
2.723899280685,2.50273744129519,-1.65761666160421,0.000625
2.77042015312459,0.65535069029144,-0.719340632062392,0.000625
1.00808231734785,1.62696627316439,0.328431679414537,0.000625
-0.915836254608985,1.63110351929811,0.155293659193072,0.000625
-1.83246636021667,1.45485594852482,0.503343298146229,0.000625
-2.70632276897479,1.01999785356189,-2.10964411867466,0.000625
-0.267203670797754,1.83600785646099,0.818732557476441,0.000625
0.934242286759297,2.05583709421493,-1.69005773914077,0.000625
-1.98957898643634,2.42114238649725,-1.27594692251894,0.000625
-0.964635904049193,1.66642723419387,-2.55293576597137,0.000625
-2.62745114828472,2.16869925206862,0.795718775918164,0.000625
1.21252475006193,1.35838635529232,0.604328911840366,0.000625
2.02872960798737,1.41901103542378,0.175192621633321,0.000625
-2.59324237676887,2.37653732723456,0.497301696648757,0.000625
2.83340692840922,1.72411661218728,-0.669565517548448,0.000625
-0.761547036685101,2.27263869540227,-0.404747057168203,0.000625
-0.54988006595812,2.09270156146257,-0.812612464959802,0.000625
-2.30142921396197,2.21577556055238,-0.0667778411701631,0.000625
1.32358985283916,2.61988947119289,0.881539252852354,0.000625
-2.45520847161443,0.645601172213627,-2.59407222217544,0.000625
2.11385807670954,1.61704450896147,1.98598907806251,0.000625
-2.18130064786823,2.15337351366801,0.410590310344592,0.000625
1.58198070526782,0.83009054318807,-0.313250296438457,0.000625
1.8082683848799,1.84797747029836,0.857679390955033,0.000625
-2.54269167716713,2.63727443290881,1.73228264160518,0.000625
0.937147594517719,2.12779532593762,-1.78175366739244,0.000625
-2.71992972343949,1.82682824071031,1.72528211371964,0.000625
0.824199424160617,1.09865343199882,0.676405148646948,0.000625
1.55947849541727,2.10093064875047,2.6604528331923,0.000625
-0.466399027597865,0.709074819001357,-1.28289895504537,0.000625
-0.334341413971305,2.37069761250144,0.582394756171958,0.000625
1.93147907330082,1.1663747881205,2.52564071051832,0.000625
-2.76411832161464,1.6371402241498,0.333602188979752,0.000625
-2.51643937986771,1.58585872212717,2.48288841977173,0.000625
-0.6677796592378,1.72125985763694,-0.916935817428577,0.000625
2.28020061848298,1.08938320156596,0.453022119844368,0.000625
-1.06287555853361,1.76152798010814,-0.373254148294033,0.000625
2.16076180338933,2.26981148799732,0.216559673500883,0.000625
-1.06763945757357,1.15599610437133,-2.61421077790187,0.000625
0.883361627584653,0.973611217051145,2.15647824133415,0.000625
1.97336571260585,0.847214862138446,-2.15166784647521,0.000625
1.03687940380042,1.36865669442704,-0.301985264380054,0.000625
2.08156923342544,1.20320350197036,-0.610305426305516,0.000625
-2.98215644854731,2.54109997743772,2.18650157312496,0.000625
-2.65939391449849,1.46861365416624,2.06468884588254,0.000625
-0.782872925766676,1.78436065867302,-0.516404399751592,0.000625
-2.47019240721611,0.514684916782093,2.21853424385143,0.000625
2.06096160816749,1.62758907036906,-2.35758295465401,0.000625
-2.05767979180092,2.0439818825688,-1.87151168721247,0.000625
-1.27791797990418,0.736579736194259,1.84375020666447,0.000625
-2.38616611832789,1.14157944277757,-2.42658149695278,0.000625
-2.82551767116348,0.333996103419211,0.399727293704682,0.000625
-2.40926406731277,2.37213774323767,-2.79322462069055,0.000625
-1.33999354228809,2.74250460426478,-2.76970312547217,0.000625
1.8311540722202,2.26974333559075,-1.90233964658588,0.000625
-0.494031466376042,1.95442062970696,-1.84363655719995,0.000625
-1.40576768748647,2.05216171334133,-0.181464848139635,0.000625
-3.0887625101491,0.875288018470971,-0.680957578548508,0.000625
0.0329688189549273,1.73592355357921,-0.947464047658889,0.000625
-0.659897601730341,1.89515819600574,-2.57114600443707,0.000625
-0.0991923542977929,2.61555426372577,-1.28875018263503,0.000625
-1.72018784000152,1.96055110573326,2.48710715021169,0.000625
0.555518341766137,0.489793337555162,-1.62328536026432,0.000625
-0.637380171279213,1.42319408041908,-2.63713196817557,0.000625
-2.79559193199667,2.35186761811913,2.73837590646109,0.000625
1.49967794627962,2.44908197626997,-1.56642273115033,0.000625
-0.866482354401494,2.64474630018008,-1.71106568978159,0.000625
-0.232313525651852,0.489877990858674,2.95019108866857,0.000625
-1.21576597373947,2.36484723786421,2.36454066291122,0.000625
-2.08306256728881,1.23621956781237,-2.04211952167693,0.000625
1.31301864876874,1.76640712265641,2.35745297568663,0.000625
-2.50682612192607,0.87486519649608,-0.56898501891244,0.000625
2.16057089480143,2.18060063052928,2.53839887612222,0.000625
-2.06793730828334,2.65160568262085,-0.526618694697548,0.000625
3.0995582497298,0.436461679327867,1.5058717814287,0.000625
-1.59751038150345,2.06645421965188,-2.34285387622206,0.000625
1.39353112661184,2.22948917188546,1.01280077465508,0.000625
0.314870790418831,1.28552903293105,2.78300037748887,0.000625
-0.695475772569766,1.30176408762097,-0.914131798558311,0.000625
-0.174646842493759,1.13278917521147,-1.29527813326491,0.000625
-0.890118888717321,0.613345967222623,3.12105344054828,0.000625
2.77779255839759,2.54407384765459,-0.270646876264438,0.000625
-2.83362823364913,0.643514398785796,2.64911216210582,0.000625
-2.08547886469031,1.15261594382083,2.58986850888931,0.000625
1.75053349865397,2.65430590587426,-1.20086553391212,0.000625
0.918194918976168,2.5865533924298,-0.387031960997051,0.000625
1.74875840170929,1.47780273500494,-2.10786293046199,0.000625
-2.05409969405137,1.57752677493669,-2.95013673437536,0.000625
0.766779457838872,0.28893421240777,2.26806758696462,0.000625
0.405785163567528,2.085247798803,-2.52951934686501,0.000625
-0.0109616318996596,0.310025749796044,-0.972508971086924,0.000625
-2.26873633302502,1.78292886984057,2.8439578334298,0.000625
-1.26992646715326,1.38726592542413,0.773258844914357,0.000625
2.19845761468434,2.29570140279521,-0.662929114821706,0.000625
0.956279194174547,0.398957203669173,1.83235771388069,0.000625
-0.266125013401704,0.995682615754948,-1.58049118259785,0.000625
-0.953926833798528,1.58884206618829,2.42523824814906,0.000625
2.11541466430553,2.11031992487399,0.405922334514315,0.000625
-2.64497226246419,1.04915324832554,0.747024248055329,0.000625
-2.9270968248338,2.70558217111079,-1.61019941660992,0.000625
3.0981657282597,3.1141080917367,-1.88106164765839,0.000625
-0.436143090086036,2.68077979109747,-1.84625068192524,0.000625
1.20753419400636,2.30999979964571,0.0550207681196467,0.000625
2.35013009250587,1.18585450323311,2.84083494626713,0.000625
2.74311574722664,1.13631891318345,-0.688425852240925,0.000625
2.42260790068293,1.66349851494906,2.7693995303324,0.000625
-0.838819758233383,1.62168645279812,-1.73587769537619,0.000625
-0.362253597816755,1.75144255474705,1.66394724277648,0.000625
1.41658432342368,1.59987878479012,-3.02094303042094,0.000625
-3.0203976088155,2.73954785798592,-2.08285422497108,0.000625
2.26760536540982,2.15732676068334,-2.26607077388917,0.000625
-3.08496601087146,3.06334695717717,-2.53599702474886,0.000625
1.12769414795892,1.6953653003094,-0.686683600301506,0.000625
2.82392110891609,0.54885941249479,-2.79552949914742,0.000625
1.47340911037874,0.291870378282514,2.22056748278212,0.000625
-2.89732860221594,1.52807355651309,2.82104776619651,0.000625
-2.9041520165006,1.52080292315799,-1.32848141227307,0.000625
-1.46865679205513,2.74115910193808,-2.68923597597759,0.000625
-1.05339565733996,2.2147408794181,-0.978542460010692,0.000625
2.19602880927327,1.62060026741523,1.40439708036065,0.000625
2.5866098889337,1.67751536865893,2.16887831521885,0.000625
2.58655632778192,0.621978295290789,0.456404378862551,0.000625
-2.64038438207209,2.05006776119877,2.61691832980811,0.000625
1.39398282310124,2.48758144345762,-0.354761732705687,0.000625
2.98675801470017,0.576888930590406,-1.98726599926592,0.000625
1.40590598349279,0.837251675294931,0.261848579948038,0.000625
1.33289443060948,1.41177883439652,-1.35910539929199,0.000625
-2.25345892662181,1.3180216380263,0.347630239131564,0.000625
-3.0364186998214,1.85144559983562,0.725480400975626,0.000625
0.961752341597773,1.54542663380457,-1.9870097238701,0.000625
-1.65892857377414,2.03459101987122,-1.89850244745589,0.000625
-2.11818799964411,1.49192362679616,-2.34512372576391,0.000625
2.50402079166473,2.62047248210336,1.78546025237584,0.000625
1.02916397816031,1.03049018219197,2.90061533798493,0.000625
-2.97027955253279,0.943576004504272,1.02117761282147,0.000625
0.207051007593243,1.67127098807713,-2.02018462643626,0.000625
0.287415920343913,2.10328481843116,-0.94496408479606,0.000625
-2.09395771818079,2.16214444431395,-2.8138480378876,0.000625
-1.96749300184032,0.366356601578641,-1.63523287358781,0.000625
1.14098246877091,1.49119345103807,-2.45312541474729,0.000625
0.43589927985128,0.986563581728938,3.13257962407868,0.000625
0.582270134984766,0.732883103217573,0.488339269633054,0.000625
2.59790426924642,1.00563643542412,0.67995116465517,0.000625
-3.08750022789759,1.19959908111565,0.220541261743225,0.000625
-2.4289973561185,1.29640810875484,0.937556530166841,0.000625
1.71300590916619,1.07132101100874,-2.72640140450301,0.000625
-1.94010167449684,0.797347541229428,2.34663625030043,0.000625
1.90523028621242,2.31245061930238,1.0720318395883,0.000625
-1.75244757405598,1.13897547473602,-1.87633040294032,0.000625
2.93382518951283,2.76500580843601,-2.45779709250332,0.000625
-1.82045886772924,0.650888630787176,0.226362779506638,0.000625
-2.41781882638445,2.29239815220194,-0.86528687372599,0.000625
2.62997079127294,0.941983266940833,-0.0110857323686917,0.000625
-1.3804081455586,1.48950292074642,-1.78454304531344,0.000625
2.6933286309629,1.62066216348525,1.43648167969065,0.000625
2.11919752295027,1.81162123326572,2.55435037234586,0.000625
-0.837239038439613,2.18702778366325,0.823368869704163,0.000625
0.965006576312528,2.86862948690958,-1.95993691076165,0.000625
2.34728379755797,0.656285039720807,-1.22793768492905,0.000625
1.35364185058584,2.05940782203851,0.489433584838818,0.000625
0.299361024202707,0.747120695574231,-0.750584201023396,0.000625
-1.55087957870644,1.48194725755553,-0.825383640262971,0.000625
-0.829064083436259,1.3790996763019,2.08228001449818,0.000625
-0.462023461562693,2.02084764441309,-0.733285303562439,0.000625
-3.10866062000997,2.82274810550082,1.70953790502654,0.000625
-2.49111782808922,2.04695668890083,0.252548711617089,0.000625
2.4174929927399,2.57393383011479,-2.55337692708301,0.000625
1.04137502903993,1.95262083235677,1.35533044105133,0.000625
-2.5268351682821,1.75356641015195,-2.76572210035193,0.000625
-2.01105146632194,1.83363445232955,1.86946829298679,0.000625
0.00279263898337105,0.912892485221387,-0.393365052019105,0.000625
2.42612365491975,1.52712042702815,0.381177915850409,0.000625
-0.601558350130769,0.953046847981565,1.10562478308425,0.000625
-0.298808585795101,2.08809570110127,-0.224651595736218,0.000625
-0.788158667183521,2.17776774510569,-1.61212814598863,0.000625
0.715665551761278,2.32843264352095,1.363479669798,0.000625
-0.594495404623552,2.8169659804715,-3.05159769928095,0.000625
2.49917638776463,1.13941907585432,0.777023105026978,0.000625
-1.31932300831623,2.38017686866373,-3.11867302126673,0.000625
0.252043139609652,0.749002356251297,2.0342078777192,0.000625
-1.99257474496403,2.72670758635166,0.669331632824797,0.000625
-1.68517063099203,1.59284959242865,-1.29918558036758,0.000625
0.562068245411554,1.87478576952777,-0.986053283599891,0.000625
-0.0306343370182306,0.617096980291939,0.576057587226582,0.000625
2.33523506575619,2.81490195468639,-2.24790451646054,0.000625
-2.62169499970964,0.88188932638639,-1.41961995155987,0.000625
1.91061517713899,2.80637267716242,0.882379495757239,0.000625
0.683713044896828,1.92870502973208,2.72096349547968,0.000625
-1.07185148685894,2.5694792645388,-1.21909946768,0.000625
0.631163128043833,1.52942838308248,1.21111323312541,0.000625
3.07853679789323,1.71468365848489,2.3896298054608,0.000625
1.14002973662988,1.97363629171752,-1.1010019422116,0.000625
-1.69610650224249,0.592678751549811,2.86212210341916,0.000625
0.357408593070285,1.1113901915673,-1.98811524619018,0.000625
-2.29800698405244,1.17698417420659,2.64279897209298,0.000625
-1.74181113477268,1.85518764658739,0.553728914306038,0.000625
-0.21929607064583,1.22226010532053,1.31095235863373,0.000625
0.455250667494431,2.63027149026522,-1.33377801490078,0.000625
-3.12929629340257,2.7888651116624,-3.10805675491884,0.000625
2.42288479475847,1.1680327402426,2.08715726097153,0.000625
1.54597901888188,0.893697607673674,-2.97691970119836,0.000625
0.437296056684582,1.37297212388518,-1.84884408085091,0.000625
0.954665321431943,2.92966089902022,0.879635100920115,0.000625
-2.41346437837941,0.60699018682128,1.38690817566678,0.000625
-2.80656175137596,2.58036693943079,-0.979678819650683,0.000625
-2.53486587605531,0.819638399480309,-0.00365063792066826,0.000625
-0.855508051174429,2.3384117617125,-2.40814195301981,0.000625
0.114711779385603,1.26061597891497,2.38789080442142,0.000625
-2.80770791999763,1.33803072893934,-2.7944566492668,0.000625
2.64610896928431,0.812747390094118,1.87404285888144,0.000625
0.894115818748268,1.89352784949314,-2.99027088774039,0.000625
-2.88768865352051,1.34171249772599,-0.171109483017749,0.000625
-2.16838509409775,2.47755732875025,2.60384880798632,0.000625
0.248504367370875,1.70157735608504,0.964981620309983,0.000625
3.07702458826136,1.357639074033,1.12882615529067,0.000625
2.60799706222845,1.5394919548678,-2.0158193060295,0.000625
1.3939478712274,3.00750235259526,0.728091698730425,0.000625
-1.60472385258278,0.327341121330333,-2.05388609770614,0.000625
-0.725905643484459,1.70081280657279,-1.95075240126993,0.000625
-0.203987371521139,1.9969778370975,-0.285468200490737,0.000625
2.63442456597941,1.12266701337766,-2.12206593206867,0.000625
2.68609185791039,1.84239382004654,-0.909663019637924,0.000625
0.0743759760713145,1.90294702664386,1.7706019978712,0.000625
1.04958843525246,1.22964121766657,0.488978343895546,0.000625
-1.5234008393383,2.73879415036566,2.41976585076712,0.000625
-2.39579009404944,1.5388041331972,-0.531360253344092,0.000625
0.0310856179844129,2.12056187208574,0.384864782608186,0.000625
1.95466011883884,1.10360711890129,2.69893609137196,0.000625
0.24428138917759,1.81596672445118,2.82476848273252,0.000625
-2.60562496319233,1.60002206494565,-0.346425793706335,0.000625
2.22991973143654,2.57875126312901,-0.266252460636131,0.000625
1.15874893649989,1.84310276401511,2.4376214249944,0.000625
-3.12923115851836,1.13339913262789,2.97046335997866,0.000625
2.30988329269592,1.88115446323886,0.829656405431129,0.000625
0.581946904741636,1.78124878444521,0.515451940195566,0.000625
3.02417933797727,0.740569138977088,2.45597264454858,0.000625
-2.68021599020462,2.09437591528759,-0.593613080123023,0.000625
-0.401988318578139,0.541353761420197,0.286223665577882,0.000625
1.09057746411114,2.01315919665263,-0.555885836982058,0.000625
-2.69830860107295,1.05956719934442,1.96444279863939,0.000625
-1.02330933243106,0.670736331019961,-0.292380072101671,0.000625
-2.99918258609914,2.84544594611689,-1.53007054103719,0.000625
0.858061083361663,2.05022505682266,0.688612874540866,0.000625
3.10585065201328,2.66580819126603,0.666308269272381,0.000625
-1.81625972207592,2.47563482392265,-0.55612407441749,0.000625
-0.259477653011873,2.12984964413565,-1.34922960110265,0.000625
-2.85926065037791,1.14028767592008,-1.05138724464304,0.000625
-0.130526340108886,1.11034166639608,0.033451290463486,0.000625
-2.83482002333366,1.00742034741234,-2.11755739736296,0.000625
2.20071922711663,1.43629870498683,0.772220174658025,0.000625
0.397117943052229,2.30886946944579,0.81366886188136,0.000625
1.51141864748443,1.10660200560331,-1.39260911173925,0.000625
-0.639924276542128,1.76690252379739,0.96128291831137,0.000625
0.781869731180294,0.667529847419152,2.14106805845,0.000625
-0.360436025974865,1.59229229312808,-0.197468464061094,0.000625
2.66618666754605,1.40313540006636,-0.183078324798621,0.000625
0.682007003508557,1.58357544431744,0.686331514920573,0.000625
-3.12271415581759,1.25909670143945,-0.528937860517136,0.000625
1.42937610294027,2.76645865516671,-0.851662052030512,0.000625
2.88685684806185,1.87527864270374,-2.45886195902147,0.000625
-1.84802858746292,0.922351584731691,-2.49971634538711,0.000625
-0.124496703686781,1.4857297590248,-2.48188570055858,0.000625
-0.792927120132193,1.27987205664718,-0.322108138845542,0.000625
0.81711033468181,2.14606440257242,-1.33645847670879,0.000625
1.68311515126529,0.694669175375179,1.10539440242376,0.000625
-1.8880837153359,2.27485968039323,1.51849738281582,0.000625
1.76593413452762,1.24292169926487,-1.0541347889231,0.000625
2.99614113448755,1.12578781054239,0.299225058934879,0.000625
2.25247137813467,1.45017062824513,2.48295374400372,0.000625
-0.742983776936808,1.92459520246428,-1.23861299346814,0.000625
1.08248299217812,2.61854687548369,0.79799712902636,0.000625
-2.17697455720724,0.498849132872563,-0.991949653166029,0.000625
0.186031343687173,1.49216837071181,-3.05279829317219,0.000625
-1.43162890422248,0.915002379802,-2.87756754030709,0.000625
3.07638704461323,1.23267060205029,0.695423459847901,0.000625
-0.970540712553408,0.66243193574048,-1.23426016371307,0.000625
1.04437059652859,1.79091144598907,2.99930214690331,0.000625
1.79410099497972,2.22609553057748,0.508520783606782,0.000625
-2.51718497208262,0.405663234298331,2.7145168844541,0.000625
1.37466027707173,0.892149520863046,2.13013800501541,0.000625
-1.45054469134785,0.48343075281268,0.233418795415153,0.000625
0.579518981414447,1.51000060920801,2.08958343723572,0.000625
1.18518646957618,2.20517998729605,2.82989275180009,0.000625
2.85555995755805,1.4644413732707,0.787677493539803,0.000625
1.96796655017892,2.07616159488005,-2.88895413894359,0.000625
1.24604282712923,1.40712645966493,2.61791576707825,0.000625
-2.58066226387264,2.84008093466593,-0.498478737424515,0.000625
0.738326280589791,0.763533695090571,1.77191567554935,0.000625
-0.824501038069144,2.16865873111528,-2.80361004368395,0.000625
-2.07989677783275,1.08741299855691,-0.185118117565345,0.000625
-0.209112811850911,3.00979460384963,-3.13243106048829,0.000625
1.68565662487629,2.0604874040669,0.0231682348972802,0.000625
2.56855757170638,1.48857646112021,1.01344896989899,0.000625
-1.28743724412134,1.49157811924289,1.07969225067974,0.000625
1.94745849377709,0.993500107861268,-1.54296914569338,0.000625
-1.27218396603606,0.628839875542674,-1.55016108670235,0.000625
2.1925296232657,1.78334199041065,-1.1690447585292,0.000625
2.84504839527772,1.5466108687313,0.534815075950601,0.000625
-2.88695690167324,2.83719697843113,0.22767830122104,0.000625
1.89965881231634,2.52662665159349,-2.26889598793839,0.000625
-0.17967393541746,2.15242288220073,1.23665112927813,0.000625
-2.09740243950356,2.41506274001315,-1.95274836677607,0.000625
-1.48441451822664,0.330685661379026,3.00691592807985,0.000625
2.84108393657121,0.381535915184753,-2.8492849059259,0.000625
0.587543671596272,1.84884036130778,2.27354808773668,0.000625
0.961626490542944,2.68839969030635,-2.46594479938759,0.000625
1.23453094630836,2.93644809255902,1.31733724928475,0.000625
-0.135661617840632,2.36890840272249,2.49927322602937,0.000625
2.7619332706221,1.20271526529791,1.91196745268341,0.000625
-2.39455862413435,2.03782559299072,2.31331065479586,0.000625
-1.08964286654534,1.52991685347387,-1.73247625363386,0.000625
2.60905519931781,2.86115514413044,2.29501829963794,0.000625
2.87078078896428,2.4282575288299,-2.69570592387725,0.000625
-0.938250676250908,3.10583950707256,-1.84884995565025,0.000625
3.05909086459126,1.50989734010049,-2.90992057701617,0.000625
0.0928027505067736,1.98396408630379,-1.47493733141685,0.000625
-0.799014199187779,2.0077792340817,2.62350013865669,0.000625
-1.02532666755227,2.09135348537284,1.42190161518693,0.000625
-2.773524618987,1.03530884737668,1.91258563561104,0.000625
1.0416198695353,1.16701395263267,2.73523695454608,0.000625
-2.97401411278852,1.35364076677721,-1.83254754600987,0.000625
-2.38030393959025,1.51937709406521,-1.9938981902789,0.000625
0.573316760713703,2.57943050879426,1.55595982721603,0.000625
-0.527419381463348,1.46544104489649,2.14719340803721,0.000625
1.84764191863175,2.58996285135562,-2.23167919184041,0.000625
-2.16483781466852,0.954877439552042,1.68204193860895,0.000625
2.66256587806983,2.2951185973749,0.842178259616204,0.000625
1.48804031973711,2.46032776633814,-1.83619413143054,0.000625
-2.65856215606051,0.784405045902715,-2.69272648320395,0.000625
-1.76244096758013,0.563285964625816,0.947249575599208,0.000625
2.73035303951864,1.65137604339881,-0.350178007298562,0.000625
1.63377762943032,2.25466618781056,1.04142963238456,0.000625
-3.10617016802084,1.04595056947322,-2.77287553478908,0.000625
-1.45122198669763,2.44644881169566,1.0583780928234,0.000625
-1.88413218956826,1.54111255951727,-0.36464796447155,0.000625
-1.25380328920681,0.514551227440963,-0.943687971583457,0.000625
-2.24282522793171,0.302000964061496,0.902070072114278,0.000625
2.22141929838315,1.6972358456599,-1.75924814687699,0.000625
-1.35117487086543,1.62103073209857,-0.319885547130872,0.000625
-1.10172535062478,1.05758499531293,2.22138651255546,0.000625
2.3297924858206,2.06388634795967,3.13300090597284,0.000625
1.45342202526118,1.40120089524022,1.46815784363945,0.000625
2.82560003021486,1.05860813858406,-1.72678466153889,0.000625
2.16197870303713,0.128267690593805,2.59853183485325,0.000625
2.85072062774768,1.34071163121162,1.72157313950302,0.000625
-0.444857846675583,2.45564837451347,-0.928933755776496,0.000625
-2.29776991498324,2.61769110215147,3.0738266302936,0.000625
1.66374870437272,2.27581606249813,-0.840379884468964,0.000625
-1.48573010928282,2.88320358039594,-3.13219473864895,0.000625
0.878724023654452,0.909897338255304,0.320816985656993,0.000625
0.83344785590889,1.31581433935481,2.43869778183055,0.000625
0.278784770387315,1.74687666958341,0.808917623212391,0.000625
-2.28925241447437,2.61270689314017,1.43620914788807,0.000625
-0.0987443729310381,0.8797350295629,2.72250638819137,0.000625
-1.28102357247473,1.17457787706435,-1.61883093491507,0.000625
0.700345588176837,1.49141918531837,2.81204727609534,0.000625
2.77279468820727,0.961301830945111,-1.71720429688495,0.000625
0.52881263827183,1.10894025326604,3.07624879533972,0.000625
-1.66247875045861,1.59229747099574,-2.24218960969862,0.000625
-2.29611823179558,1.70422316792211,1.75736381590064,0.000625
-2.93895864531715,1.71189010251414,-0.648702207952475,0.000625
3.08710517208038,1.94582474466748,1.37978130399355,0.000625
0.645304274705684,2.29889164858978,-2.95973290882985,0.000625
0.0102871608535742,2.53407615722459,3.12320522084526,0.000625
-3.12075288754143,1.48855827198253,-0.800425010444403,0.000625
-3.06154192879002,2.38805810749822,1.61627876977262,0.000625
0.614261922815961,1.04741788811721,0.983166262360037,0.000625
1.14459308506237,1.7213671297944,0.982250891101649,0.000625
-2.12725920941608,2.02520422636999,-2.19108746073423,0.000625
0.148294055714299,1.67804002991475,-1.04670079384722,0.000625
1.43784630078087,2.16809936470316,-1.43179394055516,0.000625
1.40825986169541,3.00422770738128,2.34200089805874,0.000625
0.87167531223891,0.842738248214515,3.13704900054136,0.000625
-1.79983286144151,1.64059087188926,1.11503275307584,0.000625
1.84088972357109,1.4602092883109,1.45196474655602,0.000625
-3.06419290059151,2.09542374421533,-1.68115350547008,0.000625
-1.17601207539482,0.756522115509087,1.8550757741854,0.000625
-2.36675305689115,1.53101860138598,2.31062472436045,0.000625
1.99580665365331,1.79560787248188,3.06801370562788,0.000625
-2.24987384175032,0.860118641367146,-1.72085789234136,0.000625
2.76552936640713,0.12408842947863,1.44152157908394,0.000625
2.16025434876691,0.629491460561278,-2.62409880999189,0.000625
0.683903990803092,2.0434264326266,-2.37195193675041,0.000625
-2.53076845898438,0.56097813604322,2.05843513150841,0.000625
0.864793295673711,1.70969045106648,-0.946954017022932,0.000625
-2.60724129281061,1.94247745270787,-2.78683353942189,0.000625
2.74474082519802,1.45400246923468,0.0571135939857772,0.000625
0.911437998069186,1.40858431245794,1.10258169573872,0.000625
2.32000113038887,1.48421242635576,2.95717743133793,0.000625
0.982963107534404,2.16688533229947,2.11794877909668,0.000625
2.70019311744108,1.7266846342935,-2.88225604826034,0.000625
-2.71605953522915,2.38653121168215,-2.68088740148583,0.000625
2.98235474963955,2.22356677751364,-1.7635577931064,0.000625
0.0283997812440813,1.28985246480069,-0.880910421604322,0.000625
2.78780503305759,2.08217272160608,-0.215400827270975,0.000625
-1.53127806236239,0.909645781023088,0.491551987346033,0.000625
-2.57569452395479,1.24160385064341,0.872966718755505,0.000625
0.050200854919921,0.817851775168584,1.39314511106219,0.000625
0.354308912831286,1.83205863866608,1.44093494504523,0.000625
1.64109645774227,1.69801979899638,-2.09548201858223,0.000625
-1.2008571589027,1.06346863514796,1.03464192390662,0.000625
2.14028162079203,0.914429944309352,-0.174529690738448,0.000625
1.38497173877935,1.28009033013455,-2.10596794265112,0.000625
2.44139435123018,2.60019318890532,2.17682008317954,0.000625
-2.86072760679363,1.54292353362207,-2.32586515407487,0.000625
-2.16933219970003,0.669439764975912,-1.43111654924655,0.000625
-0.55047624369118,1.38524125541914,-2.67677250710972,0.000625
-1.65682042314922,0.927162761612383,2.87176164216616,0.000625
2.0080262925615,2.51476664094582,1.54766628094293,0.000625
0.372287718575577,0.227037179307458,2.08856958335279,0.000625
-1.1848580365956,2.80689020778205,0.417939608455072,0.000625
-2.45786765336492,1.58989466719154,2.82029407388953,0.000625
2.78579625007987,1.06466915961819,-0.560889324108548,0.000625
1.36000955234558,0.864481101237959,-2.22540664410631,0.000625
-1.07581401522861,2.06552453184739,0.577389276609101,0.000625
1.29094712869257,2.28909391232958,-0.861837457724262,0.000625
0.78059031117567,1.92553597173385,1.1241579522117,0.000625
-2.49411332108132,1.49117739243743,-2.01392525264129,0.000625
-0.441804176205915,1.87905536940437,0.150312192485321,0.000625
1.07830687044159,0.899782212696986,2.44125710706564,0.000625
3.05196475946719,1.71319744737232,1.4032802854584,0.000625
-0.865358415380778,2.00194044277776,-1.72582703796889,0.000625
-0.564859667788592,0.949930211491133,1.6646381207536,0.000625
-1.84996730110085,1.32349922845884,-1.36894855688642,0.000625
0.380132865501051,1.33965697923255,-2.37174308436681,0.000625
1.22118570760527,1.94532036540762,-2.00740388232253,0.000625
-1.4405526540852,1.84822735120423,-1.6171145058737,0.000625
2.14199029359352,1.92141279096254,-0.1662253357141,0.000625
2.46746978820552,0.308414995975087,3.10645878754081,0.000625
2.72975535691793,2.82716399318157,-0.960859152885011,0.000625
1.34031230581207,1.36284055527893,2.11261653301063,0.000625
-1.78777195256817,1.61230933270964,-2.0998050769155,0.000625
-1.83398051628196,1.94895558302186,-0.612962562499883,0.000625
-2.21173550322228,1.31769299643258,2.02833721577776,0.000625
-0.371254066867732,1.18342453259849,-2.08129529983043,0.000625
2.53691671164004,0.672480583875009,-2.93299654264783,0.000625
-2.7916323512899,1.196783706764,2.51251892633206,0.000625
1.65625762040318,1.96787959511764,-0.403597105666729,0.000625
0.865510880944285,1.15323989487014,-2.27398470410665,0.000625
-0.972257243594759,1.28320885781427,-2.21116825517652,0.000625
1.46776678590164,0.668611256127196,-0.645546326745367,0.000625
0.609259293185167,1.18024549474036,-1.70773201238625,0.000625
-0.867674858329002,0.470650734825277,1.37679870137882,0.000625
-1.38492300880093,2.02931124580038,-2.80540572139211,0.000625
0.961190106953151,1.06248412001738,-2.87983269036616,0.000625
-1.30401522455928,2.55971468366893,-0.815198472473552,0.000625
-1.43597114722709,1.28515190603936,-2.18893069800529,0.000625
-2.91740834668726,1.18927547161154,-0.301948475035378,0.000625
0.764589052063951,2.11131680312865,0.108683086092618,0.000625
-0.305961199317823,1.76740746610018,-2.85903854505571,0.000625
-0.0194801882849387,0.973681035976125,0.846869232743194,0.000625
2.82954747293824,0.63422592266538,-0.870688988467967,0.000625
0.250738075114646,1.7305962271118,-0.030699046966948,0.000625
2.13343964231529,2.61188835051721,0.389710742240891,0.000625
1.24255046188628,2.50655734621838,2.35827481054959,0.000625
-1.64399284981969,1.76178819359228,-2.54447561119324,0.000625
0.196348961933605,2.07568286164462,2.28319952685735,0.000625
-2.97068920617153,0.559977632261689,-2.12132485368912,0.000625
0.900037878136873,2.8821026053305,2.30745867702208,0.000625
0.133870515618211,1.58922894670167,-1.50779742567621,0.000625
-3.07147990889749,2.1586785862839,-0.466303631213523,0.000625
-2.56501648768002,0.334671390651393,-3.09411176777281,0.000625
0.625973939755946,2.38106938704725,2.60037770841589,0.000625
0.771181043287097,0.76211846518877,-0.0325378581964944,0.000625
-2.18173484309431,1.48718842419772,-0.648411523882867,0.000625
-0.883665887179654,2.17837983141302,0.316782516911565,0.000625
-2.45931055538571,2.48096522544278,2.31387129908403,0.000625
-0.373986712116095,0.508579232538508,-2.25677882340636,0.000625
2.4328282443163,1.42020718584292,-0.421787763223748,0.000625
1.25639188342662,2.12690093779714,0.48570902917968,0.000625
-1.86684661872933,1.28430279046405,-0.739302381421357,0.000625
0.859216540891097,1.65633407019453,-0.423326681729552,0.000625
3.08578630753299,1.80462677640034,-2.17355632767845,0.000625
-2.47084290316462,0.535769019328199,-0.815111732509246,0.000625
-1.20608954435908,1.51177431366427,2.62072086089561,0.000625
-2.94382181614548,1.37648603170447,1.65760621817297,0.000625
2.42657168000457,0.540333663873945,1.13396278394713,0.000625
2.67767484289986,2.45578407776545,-1.78249631526871,0.000625
1.9869780921321,1.00993966925415,-2.97726777663877,0.000625
2.5620237597991,2.04283385858618,-0.308212266286606,0.000625
-0.0440001251838871,1.05037725885895,-3.11805153112633,0.000625
0.631640825689129,1.64689173067613,1.34594994124867,0.000625
1.4477950822849,1.53421467983522,0.525272934709753,0.000625
0.112041048794301,0.402966728538017,1.41704332376473,0.000625
-1.96096652587511,0.762170841968492,-2.8673307720676,0.000625
-2.01371889030759,2.43178463328536,-1.19004806897754,0.000625
1.06085753994835,0.946543047744919,-1.07068322651729,0.000625
0.908701610472908,1.87992308158043,-2.39306774255769,0.000625
1.66913038064477,1.20253040922179,2.27620776249649,0.000625
0.844308841125887,0.992767131624244,1.22162908325522,0.000625
-0.304174424483803,1.44900661261035,-1.59506075889727,0.000625
2.13023824784306,1.55670850933924,-1.56811905949368,0.000625
-1.85306069860696,2.16772932807635,-2.55030453568252,0.000625
1.66734946907278,2.04860244797298,2.7557326086954,0.000625
0.093535116092512,1.75640738564072,-0.575349526228637,0.000625
1.78802351239313,1.10157851707735,0.547147842971934,0.000625
0.176961658787407,2.16742089265327,-1.80046301470848,0.000625
0.307655385943587,0.431435756751598,-1.94906705286722,0.000625
0.342462510576497,2.53452276833212,-2.39231542715686,0.000625
-3.12423447952844,0.488319202885412,-2.6185686456014,0.000625
-1.50417653984173,3.00092273694106,2.10254468540866,0.000625
2.07893891076332,2.27875125826266,-1.22300319294125,0.000625
-0.356798997053244,2.72533729641971,-0.105694364532626,0.000625
2.69982785055181,1.78024066219333,1.07364927944668,0.000625
-2.79766868627868,1.202167807998,0.103039373278063,0.000625
0.407211286552014,1.99888549203385,-2.12949678672096,0.000625
-1.06847317441259,2.6178757813632,2.09884396007427,0.000625
-2.37777935186135,1.64280238046067,0.61071054204891,0.000625
1.8169280214061,1.28210267453375,-2.12117536079667,0.000625
0.710937796911457,2.58577966053434,-2.39009918327121,0.000625
-1.62506718817954,2.35289654611382,2.69620396047892,0.000625
-1.44764876511182,2.11885499859908,1.55114826000969,0.000625
0.516555761785501,1.15901668297115,-0.881167282075148,0.000625
-1.62493345759918,2.43142018552987,-1.42205995110288,0.000625
-2.64082431954735,1.89130499547498,2.46465479244695,0.000625
1.79996625598476,1.72678804590573,-0.85577294841909,0.000625
2.80939951679431,1.8336849580847,1.8701727375814,0.000625
-3.09948166412183,0.858770547373907,-0.2474220704126,0.000625
1.48541878396759,0.844827479183528,2.90190957630542,0.000625
-0.917966379238981,1.53183946252808,-1.29880343099376,0.000625
-0.426662153515929,0.408648659766424,-0.392015096371968,0.000625
2.12479458336231,1.46355661207121,-1.37098192889431,0.000625
-2.72496173064727,1.67534432266208,1.36038136462722,0.000625
-0.323523537861454,1.76399617320525,2.67553561779104,0.000625
2.63248706154191,2.25408331513281,0.177508440389446,0.000625
-1.60850253861587,1.56892238999347,-0.56206972677617,0.000625
-2.53808033142006,1.05400283259891,1.36417848052098,0.000625
0.325394034262672,2.40640056811558,-0.595538412772772,0.000625
-0.0272617782265127,2.57039582036615,0.026775658906108,0.000625
-0.177188465921197,1.55960967315711,-2.75091006794563,0.000625
-3.02185965778353,1.72224706810663,-0.232241105213449,0.000625
-0.0500276857597726,2.26346783659456,1.82317075532685,0.000625
2.71057065040604,1.86985925302065,2.15098518102938,0.000625
1.5709113549353,0.999534887961484,0.108742347142046,0.000625
2.75552113563663,1.90378474836394,0.660092805993675,0.000625
1.98151115168975,2.70916512178942,-0.717387587660349,0.000625
-0.477760269319304,1.3351595155812,0.891236072656325,0.000625
-0.0940443834147078,1.24476738730964,1.2994200612637,0.000625
-0.883477311068253,1.87754501298724,2.98821638345451,0.000625
-2.54243913907529,2.50091402422805,1.48936109047303,0.000625
-1.81571959432169,2.08343336099799,2.64043497130099,0.000625
-1.09022056288956,2.73011607047961,0.959455179977832,0.000625
-0.703845444787309,0.898611659975536,-0.998836010321827,0.000625
1.88288922380085,1.82739015296952,2.82733800693634,0.000625
3.06491235094127,0.940646610594036,-2.77634961457448,0.000625
1.13073689605147,2.10138875951022,-2.4407541317943,0.000625
3.11638616060499,1.39554457405933,1.32734910830615,0.000625
2.70682958375727,2.25031761397727,-0.735247576869121,0.000625
1.37787591187208,0.962978948790779,1.65744706218719,0.000625
-0.857455902063149,1.31733757709962,-0.462053596298731,0.000625
-2.26937115410626,1.82063323555229,-1.70707076811839,0.000625
-2.19455300787483,1.79596763943025,1.45408444408307,0.000625
-1.97926662328,1.60941142309207,2.55987209020285,0.000625
-0.611038448315232,0.889150376651355,0.64391322068828,0.000625
0.717064400909423,1.64935932740032,-0.0272152611083119,0.000625
1.29415917666096,2.24964827717173,1.98131412919183,0.000625
0.97841095263637,0.375903871611844,1.3642802521599,0.000625
0.638566191188852,2.51249531869502,-1.68621070784002,0.000625
2.94702075900498,1.49953051771662,-2.22127199155953,0.000625
2.98053975116882,1.06761368807177,-2.18844581029737,0.000625
-0.179197108570473,0.703768644896666,-2.00508219387749,0.000625
2.7257388287161,1.0824146453718,0.0200349952997423,0.000625
1.07273959006642,0.141458253073952,0.746507525857059,0.000625
-2.38150633412938,1.53887806372105,1.21426344709016,0.000625
2.70226398260973,1.81264422685613,2.60052463899741,0.000625
1.570988200208,1.69901641298211,-1.35751665635851,0.000625
-0.643589346459996,1.31323388889998,-0.0588598835721966,0.000625
2.89861693867834,0.782189730799085,2.54001143427677,0.000625
0.180598346624301,0.854589777129066,-0.981999820827977,0.000625
2.86306954615959,0.619118087650365,1.28972462523428,0.000625
-0.113010056514382,2.11046758366871,2.50417317393511,0.000625
-1.93553109169824,0.619308712046163,-0.779331851590186,0.000625
2.86368365637542,2.48008673049361,-0.298179022063133,0.000625
0.918278564681871,1.114842511561,-1.66282508229238,0.000625
2.05680515596588,1.08218555223631,-2.61032530845019,0.000625
-1.67983402107729,0.552402030133509,-0.529653151346228,0.000625
0.13529693563236,0.874648762637866,-1.52962240986523,0.000625
-3.12794169108229,2.6011662565027,-2.67531312109313,0.000625
0.637686872643226,1.46638618812262,-1.2920322320162,0.000625
-2.12419813151834,1.77142669872552,-2.51021712850683,0.000625
1.47941158797022,0.666235646170337,-1.82811051969595,0.000625
-1.16394412287687,0.409232985543054,2.54841062838055,0.000625
-0.277705328461127,0.660561975029477,-0.990472090689815,0.000625
-3.03894161812068,1.91867576501046,1.91894735765732,0.000625
2.84240266685546,2.07085062338538,-1.21320568701899,0.000625
-3.01945451592177,0.684364636585419,-0.719238641563791,0.000625
-2.56080522083193,1.79827895221019,-1.34012624128087,0.000625
-0.920957315280817,2.23252493069297,2.0163535519198,0.000625
1.12340308147026,1.80961653358554,1.46288495083009,0.000625
2.01166775567926,2.68100394536384,2.57670049625759,0.000625
1.00473382478209,2.34803659740428,3.11384552384906,0.000625
2.9712333485994,1.69876482813688,0.952401809868319,0.000625
1.15100263576025,0.695390705401521,0.560709225473429,0.000625
0.760230470433329,2.21367122107308,2.16341001347406,0.000625
-3.11390629643772,0.425788985713964,1.46417609693825,0.000625
-0.843328925472326,0.521890949567352,-2.36597983607753,0.000625
-0.291489617448129,1.420884978509,-1.72223804217738,0.000625
0.0512231351820127,1.01066996358168,0.289958258439337,0.000625
-0.0765603241171048,1.45898347287989,2.8723731735814,0.000625
0.319851206622795,2.25452990530861,1.68131367639641,0.000625
0.193141267033749,0.79830086518167,0.81824246743631,0.000625
1.15061750910783,2.14964429270709,2.71795992715036,0.000625
-2.85194409671097,1.73130008466715,-1.79259437139224,0.000625
3.10340043876825,1.8308042436291,-1.91826374503602,0.000625
1.98903846087477,2.4837813405132,-0.192337285130201,0.000625
2.52802249292619,1.26989242797438,0.33550836244852,0.000625
-1.55154039835981,1.27653006334407,3.042175160747,0.000625
-1.03017709156267,0.530460000455848,2.10961202351894,0.000625
2.81365764556128,1.76448542447647,-2.67497438425465,0.000625
0.912301719247905,0.993104282656586,-0.86665229879535,0.000625
2.27199196776,1.38830328620678,-1.03139062356933,0.000625
0.951493074528259,1.40331321266494,-2.24997138698985,0.000625
-2.145756139916,1.68242698595097,-0.261693677921988,0.000625
-3.08534387016857,1.2592642443824,2.29068846507351,0.000625
-2.97584881164529,1.77201220002881,-2.38732255646058,0.000625
-0.712758573339187,1.34963742916263,0.102582940930867,0.000625
-0.889151470212177,2.23564182000241,-2.3196599767322,0.000625
-1.6431881686069,1.40053889352747,-1.73781791776653,0.000625
0.215902907507275,0.620873273183071,-2.35024244917354,0.000625
-1.27557946095951,2.17907552475388,1.24609269186735,0.000625
2.52167034664279,1.91235433502078,1.41224131444449,0.000625
2.66235334532329,0.711595111268237,-1.26635962739931,0.000625
-1.13714319701755,0.273935800492807,-0.629266022888278,0.000625
-0.603567097416906,1.89362110938404,2.21440233654874,0.000625
-0.712847343762103,1.15209305454354,-1.86634227171438,0.000625
-0.796822782705636,1.07339989295691,-1.39732086089442,0.000625
-0.82419778210347,0.791017131768454,1.83456662868888,0.000625
-2.20842778085203,1.98468095978068,-2.39298601465411,0.000625
-1.12480283753563,1.76697637111228,1.85876151800331,0.000625
-1.00573636039533,1.54644534542248,-1.25950275428024,0.000625
2.89295028997574,1.46008388201918,-0.837131088063841,0.000625
-0.0786237906440648,2.4001866577361,2.07724853150899,0.000625
3.00409924563012,2.16943189453505,1.62275238123624,0.000625
-0.0490286099599145,2.24082668851664,0.201847555582233,0.000625
0.870208713589081,1.53735502903528,0.833679341371086,0.000625
0.0290605624865306,1.83372439927051,-3.05156338570369,0.000625
-0.890540637247002,2.54305047668232,-0.0780283915621808,0.000625
0.631471634915756,0.0740948480062999,-0.775323181458487,0.000625
-0.427838182597875,1.98004742019002,0.281971952092077,0.000625
-1.50710562600369,1.333478392509,2.42428049060422,0.000625
-0.359260737176066,1.27928632917438,2.57251090274644,0.000625
0.648109334705247,1.21264940269567,0.178378815121489,0.000625
0.904725184761732,1.46198531036682,3.05872551672254,0.000625
0.441654907904152,0.311355119907388,0.400103870637356,0.000625
-0.882745906173428,1.15623633219823,-1.74512335888099,0.000625
-0.655677059117958,1.93421601830304,-0.135440577830764,0.000625
0.433322785109537,1.75537310551612,3.08616528795285,0.000625
2.70917879203659,1.2682536851435,-2.76439464367392,0.000625
1.64254000078042,1.29346827707709,-0.502191598439275,0.000625
-0.929341788449467,2.68556224854797,0.400375106235846,0.000625
1.86609690140658,1.63783673468524,2.55503568871012,0.000625
-0.439525205423379,0.897199139481369,-0.766751250803366,0.000625
-0.167527509208963,2.83169409979589,-0.598819685445386,0.000625
2.51135425490448,1.59718641551954,-2.0610440764831,0.000625
-0.406936268177927,2.11112662317081,1.53802354535377,0.000625
0.357096337756247,1.54730470382228,-2.81444172572621,0.000625
-2.550745846975,1.8334699088138,-0.914592275861814,0.000625
-0.190111949651221,2.11092580329693,-2.80721760748229,0.000625
1.03530965457041,1.84409944236538,-2.83962557823169,0.000625
2.76670082413033,0.606407049603145,-2.00202184054549,0.000625
2.67653044144991,1.99136499096602,0.493615700258693,0.000625
1.6926889215655,0.568147834310039,2.85496345154726,0.000625
1.78976280732126,1.09340490052041,-2.41384089963786,0.000625
-0.481971830433465,1.39730027304188,0.483391430042566,0.000625
-1.11106806790181,0.776500203094845,2.80408611928618,0.000625
0.40266499662746,0.953231293517172,2.52625816300709,0.000625
-2.37158531916798,2.5284980483292,-2.79585538251437,0.000625
-0.556900113631235,1.38812878460993,2.52470809400692,0.000625
-2.71456388996545,0.274888863495057,1.99412875628362,0.000625
-0.733662620323466,0.914040353076741,2.71721504189237,0.000625
-0.065149311969444,1.57488196143896,-2.32173021813394,0.000625
2.9354087705977,0.694128826665206,2.96071093547492,0.000625
-3.06955405664561,1.17241661556652,-2.34457867897104,0.000625
2.21172143416682,1.25333119421758,2.00948316491028,0.000625
0.158476391017452,1.15804197162746,1.79980315956364,0.000625
-3.01591341235086,1.91261235989259,2.82858884015185,0.000625
0.370987603406691,1.51414159180238,2.69827718820703,0.000625
2.20614708643659,0.843230577704873,-1.19920625715027,0.000625
-1.29360308913342,1.66315827247942,2.91404951232831,0.000625
1.75835660644943,0.367316845897653,1.44898574579964,0.000625
2.26297995555958,2.08141446108689,0.719766058748493,0.000625
-2.54060431766046,2.16753809959066,1.4437895843527,0.000625
-2.15538128453057,2.80769411746723,-1.63314200254934,0.000625
-0.0602367701744728,0.852193661510204,1.69876420711347,0.000625
-0.0586244637276698,2.43604819714133,-2.98746321728558,0.000625
2.61113598417874,1.63938874901961,-1.50500806587556,0.000625
-1.93989232201392,0.577667743564235,2.9780510532548,0.000625
-1.29490685698207,1.0859445895675,-0.952158352157412,0.000625
0.392963741752281,2.52838859342486,-1.73158723914273,0.000625
0.175376026886957,2.43216048807487,-0.597590403849736,0.000625
2.50968296143312,1.39527921386862,-2.51933188944304,0.000625
-2.96600742038529,2.39169297857854,-1.96592169659936,0.000625
-0.971053515181609,1.00464502213184,0.53604060625218,0.000625
1.22576862066916,1.75671569053257,2.89538931241204,0.000625
-2.78803563599442,0.531241270189426,-1.94808331641754,0.000625
-1.92866175201602,1.76637742761347,0.565922853268425,0.000625
0.258683746363415,1.17620502732576,2.19841447497583,0.000625
1.77440666056668,1.00937789086926,-0.480040779126002,0.000625
2.92831950055883,1.33933715946493,2.79487994131803,0.000625
-1.86897317635633,2.03398090632644,2.09684702647762,0.000625
1.87495572223385,1.36582403024512,3.1247376652212,0.000625
2.52827709592189,1.15219167063157,-3.11369672981674,0.000625
-0.557145104873595,0.957180962393788,-0.499913929026833,0.000625
0.591963800847038,1.71967907955146,-1.32922636970649,0.000625
-0.176217258419617,1.85423106926642,3.12360619952545,0.000625
-0.549884576134736,0.910876565926784,1.11756771852707,0.000625
2.00570759899188,0.50854212755572,2.15210948128697,0.000625
1.51046613178668,1.62482812144569,2.81580866168591,0.000625
1.78420257818239,2.45505722045726,1.72452708842067,0.000625
2.26479838201613,1.62460727384647,-2.89975058382064,0.000625
-0.143002235845871,1.11080979119289,-2.0167131137769,0.000625
0.842159456882677,1.23963266488238,0.261015250733155,0.000625
-0.437276707809459,2.3961870692545,-1.83734104009119,0.000625
-1.9997192584966,2.29576212132393,0.451463760645253,0.000625
-1.4389429958749,2.30909885283769,0.180518166042871,0.000625
1.41182260573225,0.804930490662104,-1.14853905106763,0.000625
0.760862280348264,0.582871176565321,0.725721366051563,0.000625
-2.46899760695273,3.04439697417309,1.74762911190442,0.000625
0.188137982843388,2.38969266999779,-0.228509040852609,0.000625
-0.446586469035304,1.6714209558168,2.91336029691139,0.000625
-2.34049733658035,1.20037589197182,-3.13623915637424,0.000625
-1.57621660812847,1.70178594991965,3.02188867719973,0.000625
2.58415164344603,2.98775756654537,-1.47323081636115,0.000625
1.76985363284298,2.05272555250388,-1.28608018302419,0.000625
-0.197566466171696,0.433496288539426,2.74431338421699,0.000625
-0.520147737384077,0.95790674717002,0.249797607691329,0.000625
-0.0443941679377583,1.67223884487475,0.355789470915159,0.000625
-0.0944249205114542,2.10593087986915,-1.96411289789608,0.000625
1.01244632380795,1.41473883390899,1.57072691128456,0.000625
-0.49437050677976,2.91277923541776,2.51250245654222,0.000625
2.22907424396751,2.35907050998112,-2.49264466288324,0.000625
0.173007763340788,2.0900428264797,1.10833660741416,0.000625
0.0537589885884874,2.06643821021747,-2.3767121186091,0.000625
1.44022484014377,1.40726912260657,2.68484571083046,0.000625
1.51488205728233,1.09107795136278,1.72360570446444,0.000625
1.06359982169034,2.25472816702411,-2.62253094338453,0.000625
-0.47011803567023,0.955199621139598,-2.53695913367936,0.000625
1.26920915924276,1.87990106518468,-1.28299086381601,0.000625
1.50358034257196,1.17792552341837,2.98440814856853,0.000625
2.48004744726943,0.778109490318237,-0.0659394613320256,0.000625
1.80759778591301,1.57117020990814,0.291925517096288,0.000625
0.74004973802731,1.96706968380532,1.68736294339171,0.000625
3.00226976328417,2.53421676455989,2.38617208197616,0.000625
1.98663535986259,1.72594201828754,-0.3987465628576,0.000625
-0.77768223399863,1.25056385669738,-2.18139205745312,0.000625
-1.02069740016132,1.24565891627527,2.75523984858258,0.000625
-1.14479021980976,1.2646490862731,1.8832731066279,0.000625
-0.896119252046846,1.36264247090258,3.01771645715722,0.000625
0.358033502957163,1.25488922910034,-2.44429049566625,0.000625
1.67401955827553,1.99722063425598,1.6096894251338,0.000625
-2.47910042591316,1.26760302722409,-2.89059997207463,0.000625
-2.38791745526498,2.20415324070651,-1.69767258698433,0.000625
-2.58746330771756,2.13198895006364,-1.84121877660147,0.000625
-1.91864357463926,0.53626313576936,-2.36650758513608,0.000625
-0.41214320434002,2.21658029745657,-2.47309825681902,0.000625
1.27775659378564,1.6619730520191,1.86597248305845,0.000625
-0.260178138355457,1.09327724465091,2.03196862985544,0.000625
-2.55168992995061,1.72510863613887,-2.29808759347431,0.000625
-2.4273356671292,1.06175699854245,-1.17087073189443,0.000625
-0.847523775892853,0.770927321398672,3.07196669804005,0.000625
-0.302693809767785,0.93871627334249,-0.300441368743495,0.000625
-1.26777426087842,1.85007143226448,-1.19652675055714,0.000625
0.575635599657781,1.36354558360564,-0.224003187726895,0.000625
-2.50791778448862,0.893649727202591,1.13561115823667,0.000625
-1.13810521017548,1.31824637047592,-3.02193819379681,0.000625
2.22797983524918,2.9282291471568,-2.22381735593858,0.000625
0.424757661118343,2.38327994071773,-2.20371526263307,0.000625
-2.64168478647838,2.51313504745291,-0.131247581006558,0.000625
-2.08843695728084,1.69711586591076,2.28295299588522,0.000625
0.0245506234276627,1.93020272876319,-0.546698351779974,0.000625
-1.93840447965104,1.93378393706517,-0.258553067538504,0.000625
1.74034081058155,1.01789157315072,1.73943961490801,0.000625
0.143678875647517,1.59678232903424,0.445375280987858,0.000625
-1.16289023674861,0.339122108480283,-2.05550468979126,0.000625
-2.70496610198651,1.35851028412219,1.55278682324569,0.000625
-0.430109622592172,1.0125849464268,-2.57584439272855,0.000625
-2.80126589910136,1.10081921681261,3.04968317407961,0.000625
2.21826996353413,0.984987277617208,0.0695093637107718,0.000625
-1.53256787062678,0.591129186742406,1.02455990644018,0.000625
2.31355906374862,2.17429407022994,2.96637076126504,0.000625
-1.43862089501425,1.91667410443663,2.54247956137833,0.000625
-3.06548950843442,1.80457992021874,2.74404130754106,0.000625
2.0398158682497,1.91227486520068,1.53692648470559,0.000625
-0.748234219654461,2.25580601185651,-0.135463567694816,0.000625
0.675519652537528,2.87704103622224,1.4577439115537,0.000625
2.07300023185798,0.499623579744033,-2.0155353614413,0.000625
2.39718354474078,2.23545066278045,1.67610006312917,0.000625
2.17575600775137,0.607927202887221,-0.608687759598374,0.000625
0.562909950262606,1.17780327961844,1.68030772558404,0.000625
1.33290012850324,0.679408229867357,2.4936834603351,0.000625
-1.88879098504509,0.881326331258037,-0.638045780037369,0.000625
-1.99094299599508,2.23267425392766,-0.646289755024545,0.000625
0.355611360985091,2.32037837611414,2.91872408934946,0.000625
1.99351964467404,1.85808333946258,-0.907428266875326,0.000625
-0.436974223713098,0.106412887888565,-2.30984405115345,0.000625
-1.26219111003479,1.38597229039156,-2.21800108782252,0.000625
-1.50543035741678,1.37237527270926,-2.72377300806381,0.000625
1.59809920882139,0.53073977330367,-0.598598950531805,0.000625
1.33095507356485,2.13142935172339,-2.88586814996818,0.000625
-3.12889097575979,1.76536941948282,-0.263873141888486,0.000625
-3.00653270984911,1.64763734862167,2.01894545876039,0.000625
-1.72193993915498,2.30419681345903,-3.03809090191138,0.000625
-2.08578518252737,1.00771333952508,0.611409792503303,0.000625
0.693292607429814,2.73659747088479,2.49132346482444,0.000625
-1.9064410787484,1.53120269261389,0.170217150246529,0.000625
-2.66382683024206,2.04049843024332,1.19632903560521,0.000625
2.70548969460344,0.813157146277968,1.7681144913277,0.000625
1.25787437823725,0.959466251022813,-0.0791232504798221,0.000625
1.90537057780587,1.85126874976779,0.205307894461855,0.000625
-2.26607711253298,2.05828806677192,2.96979840908898,0.000625
-2.05195577529491,1.79835547754664,0.127463149127233,0.000625
1.40993278492487,0.623040196985726,1.97976963461568,0.000625
1.22451200782152,1.45292784957251,-2.99020296194662,0.000625
-0.358496631867126,1.51418920198257,0.16305002391117,0.000625
-3.11859073615414,2.2412939934227,1.05514909870927,0.000625
3.12097012496815,1.50088873760057,1.8445067232427,0.000625
0.33068460536539,2.15963321761652,-2.8690518805273,0.000625
2.58322926132067,1.42812984038033,-1.25858584172715,0.000625
0.774082913524971,2.62596476333443,0.099197993924181,0.000625
-0.707628498027068,2.84702532155295,-2.58348130227406,0.000625
-2.58136648306437,1.28876382983078,-0.744574067228513,0.000625
-2.9995389411349,2.30110932101912,2.98339865744941,0.000625
-2.9705847911023,1.65492654717436,-2.97179082390684,0.000625
-1.17769421500699,1.71998071732704,-2.50946917076463,0.000625
-1.84622148979355,2.09966568368599,0.930400042225593,0.000625
-1.69953803977877,2.50667950090304,-2.04955137647268,0.000625
-1.36521031646902,2.92687600561984,-1.26606803304581,0.000625
-2.89394478121532,0.936582518165723,-1.4134038022638,0.000625
-0.0268505950489193,1.47605609794553,0.949482627109615,0.000625
-1.11982850034856,0.795480758030051,-2.25702821740035,0.000625
0.31462675635314,2.12503250249425,0.150087757510564,0.000625
0.553438870265308,2.34161328168629,2.50739134743666,0.000625
-0.359877854394872,1.96853304602618,2.00408459474635,0.000625
-0.87285749274185,1.78640895077294,2.74664834376551,0.000625
-0.599125145742651,1.21016625118935,3.03305366757364,0.000625
-0.541071195252696,1.90613487896202,0.815538655899857,0.000625
1.34659141263728,1.77593235625671,0.0556511206646263,0.000625
0.706769393643705,1.89167085578909,2.77663493848151,0.000625
0.201530111796758,1.75535295365403,2.25629180839944,0.000625
-2.42867298016147,0.782404863347839,-1.21136919094122,0.000625
2.81942210232949,1.68767097663391,-1.60467390328805,0.000625
-1.68659607792083,1.57031209855761,2.11959681334337,0.000625
-1.32766191035487,1.00111984518388,-3.03330858896462,0.000625
1.3007384207771,1.50822410906962,0.990342766698196,0.000625
-2.65174053356412,1.30006927034337,-0.729968434960308,0.000625
-2.36923024829303,0.778517687157296,1.7811600443405,0.000625
-2.02432807789286,1.221270963764,-2.86043691991569,0.000625
-2.93869030340107,0.19698709973486,-1.04388992465091,0.000625
0.137876864213829,2.23758211428117,0.730958957333245,0.000625
-0.797361683470705,2.26733756765668,1.64415267788351,0.000625
-1.34739003700259,2.18882275161512,-0.332972301709371,0.000625
-1.12531354498954,0.15610070445897,3.06133435227502,0.000625
-0.569635875263093,0.902165295127059,-0.0137161238267352,0.000625
-2.58715036956786,1.81555960869145,-0.676681223007506,0.000625
-2.16826614130367,2.10274773352615,1.54726433013106,0.000625
-0.474142868584275,1.45586983082097,-2.2101826737946,0.000625
-1.79573705878542,1.14064229901208,2.51674744061663,0.000625
-1.15300177103135,0.592079688431951,-2.55026881085387,0.000625
-0.228320489497428,1.68195958035099,1.41607619583376,0.000625
1.91357151291104,2.92089974776738,-1.44077640859886,0.000625
1.06637021909266,0.916484227128843,1.66067194657569,0.000625
2.92940955700951,1.76107589672163,2.97572596260683,0.000625
-2.98856581986547,1.04948323160923,1.32068746657873,0.000625
2.17933180645649,1.75545377774713,1.05683383925097,0.000625
0.168511227935682,2.05516722514133,-1.43581168082751,0.000625
2.98611193729448,0.556849251307461,-2.59682192294611,0.000625
-1.22506117541093,1.05391718463446,1.54293693969293,0.000625
0.456611062651662,2.14195856155844,2.05986516444548,0.000625
-1.1132443177787,1.22431049301725,-2.62246485973894,0.000625
-0.202005590390908,0.588026442333424,1.31053177142815,0.000625
2.41294385135837,0.203585184158615,1.43000140259792,0.000625
-2.41484970687398,0.748808006322461,3.01431716059007,0.000625
-0.403253695083372,2.40207306240552,-0.895268831196205,0.000625
1.32185873393469,1.07865937016627,-0.677232343165979,0.000625
-2.92267480203464,2.61668320546348,2.27851957776537,0.000625
-1.95185650404791,2.58779046302292,2.39050075833795,0.000625
-2.12180533740979,1.59795234501605,-0.91349878676007,0.000625
-3.05433925129091,0.8060990138325,0.74850204384296,0.000625
-2.76444243123056,0.941772746654248,2.42432681754529,0.000625
0.90507265690515,0.533202428252386,2.50723117581147,0.000625
-1.41458011741765,2.3829541849636,0.123085605576872,0.000625
2.58445167434065,1.61315144825609,1.8187266057916,0.000625
-1.6904608290148,1.85663036763897,-0.0627680617348911,0.000625
-1.86868455518229,2.4414363848893,1.79362262145294,0.000625
-3.05139650769432,2.12423587580959,1.26552837426558,0.000625
1.90635695948291,0.807097873233546,1.35903286400758,0.000625
-2.71274793200298,2.43726048929427,-2.19066239064191,0.000625
-2.42637033401212,2.06719896631374,-0.263413012913084,0.000625
0.691391527368584,1.52368366804259,-2.60899408892199,0.000625
-0.76801765257768,1.11347252959521,-0.882720160975497,0.000625
-2.24534529195593,1.21540803855164,1.50706957901762,0.000625
2.68869582296521,1.94959418289015,-2.16859051491937,0.000625
-3.09822919908653,2.18237162136409,-0.669480137913171,0.000625
0.399901219698395,0.88069523705203,1.15405234688784,0.000625
-0.751698274086129,1.56401476902167,-3.00652022587518,0.000625
0.897241712213266,2.90573259954923,-0.829382934035753,0.000625
1.34418799993604,2.02190594813074,-2.76204939006534,0.000625
-1.34303488100356,1.97547868016552,2.08762206353097,0.000625
1.30905789654426,2.3185281529049,1.35717227264872,0.000625
-0.438436981795764,2.7216503654857,0.721142684265552,0.000625
1.90825836382987,0.676468113508683,-1.79452612466398,0.000625
1.49429961693905,2.20429461060726,1.70467611384675,0.000625
-0.665668521502419,0.90461146828111,2.19095896029664,0.000625
2.68414010495128,1.26406001400553,2.49258385501821,0.000625
-0.448411103309309,0.4303166843357,1.09794918259638,0.000625
-0.245393582468307,1.4189435686284,2.97109829747584,0.000625
-0.182273442764434,1.92369251889624,-0.935627971342801,0.000625
0.971429135270935,3.04328649720183,-3.12036792561061,0.000625
-0.788175857587399,1.40820109458501,2.51840578180124,0.000625
2.97387226363988,1.06274160381777,2.03269524746351,0.000625
2.93123599303238,0.780606651326101,0.0855109201424074,0.000625
-2.71821390351725,2.0732065476276,0.228756809337456,0.000625
-2.04221981292322,1.22692162367828,-1.89330487390632,0.000625
0.641256697306394,0.556159996995306,1.40933249267249,0.000625
2.19453964050236,2.18349446593182,2.05890475128759,0.000625
-1.59083821754228,1.37311738140537,0.598935755666771,0.000625
2.52755398429915,0.888766838039988,2.91105012391097,0.000625
-3.02663283027238,1.03890897414699,1.52290756693267,0.000625
-2.46302867487509,2.20814570533149,1.87677875708631,0.000625
-1.19918101311135,1.00219573733048,1.07731545002304,0.000625
-2.30642719863975,1.98441629797667,2.07408467491319,0.000625
-1.22161783769726,1.37719809423344,0.0146398518064454,0.000625
0.0351519222510621,1.66340586066672,0.0159050308344069,0.000625
-1.30995851384095,1.85269348503937,-1.34476933482614,0.000625
0.947442759700598,1.46245713614387,-1.41411228967133,0.000625
1.3061278543327,0.980247682826001,1.25884385865779,0.000625
1.94095239768826,1.89804876012404,-1.47287755209277,0.000625
0.253151717851935,1.36851123713867,1.39675879816999,0.000625
-1.42722228917756,2.48728266532951,-2.28343828002547,0.000625
1.34190769571324,1.55515771952522,-0.291484545191268,0.000625
0.921543517733151,2.57870531161575,-3.0956805236465,0.000625
0.948656224967584,1.15922087064658,1.99996615024254,0.000625
1.33532250447973,1.15399409397433,-3.04961730979227,0.000625
0.948765394323992,2.58866136160326,0.129387328585539,0.000625
2.21037311752326,1.62257663402439,2.29322506630335,0.000625
0.295187949322009,1.74012434213929,-2.43278025737422,0.000625
0.975866768189089,1.65672014480871,-1.47080144251606,0.000625
-1.80129019757153,0.827310385105652,-1.5161510343254,0.000625
-1.66094727021687,1.91060938636664,-0.678982943069375,0.000625
-1.43373074034659,1.13385518664952,1.95729682340388,0.000625
1.81165710776448,2.47793101224429,3.06343542876342,0.000625
0.079339937792822,1.63632242652053,-1.97784951364449,0.000625
0.338237675839629,2.72509691003841,0.852794650241647,0.000625
-1.73172220663782,2.18051534116609,-1.46427296084927,0.000625
1.92425318887044,2.56835781014887,2.02662689237932,0.000625
1.28418663427818,1.47198300649853,-1.19168211532859,0.000625
-1.25997449955386,2.07593213912753,0.90473870933743,0.000625
-1.49239795839046,1.72312429374511,1.6279849209371,0.000625
-0.767254340702173,1.05199903656203,-1.4249468084371,0.000625
-1.71835047750826,1.22255094530493,1.20000387869575,0.000625
2.63714852651553,2.08257234724763,-2.18841749275541,0.000625
0.681910115000583,2.22794912059364,-0.961963133908179,0.000625
-0.163138289586186,2.53265122114687,-0.322185828714511,0.000625
-1.76215035382919,0.971896223753282,0.982911324479755,0.000625
0.424911733516821,1.29927868442787,0.698712355498082,0.000625
-2.73437773469435,1.27160333837325,3.02224287261607,0.000625
0.960559619142175,1.8983499123565,-0.303851930948852,0.000625
-0.395918274309055,0.980128061617232,2.53265074067293,0.000625
-1.07350398106638,1.46778069220139,-0.741527914349924,0.000625
0.764056966744078,1.36653184262449,-2.81730998601124,0.000625
-2.39471062089105,1.68490097208633,-1.19347266763566,0.000625
-2.25508172722765,1.6384400511649,0.767225031398501,0.000625
0.836955537297596,0.790772517983537,-1.33132505054115,0.000625
0.950454375251508,1.63371925202815,-1.92050018119576,0.000625
-1.94982694554622,1.05798984563436,2.16699046175965,0.000625
1.57625440657452,0.319464909584129,-0.219707702902157,0.000625
1.65379612503704,1.72437947827947,1.26786124317191,0.000625
-1.19115787816188,0.934820370959534,2.73155914080534,0.000625
-2.26623440360272,1.06897550931714,0.296422049150591,0.000625
0.534635913283762,2.27670240981493,-2.79694774083409,0.000625
-2.26317872422222,1.17186441896263,-1.06744194110208,0.000625
2.32294675344344,0.28512819542816,0.868525314501442,0.000625
0.178367637900214,0.83318693458308,-1.61051849680669,0.000625
3.03158660082443,1.3317887626344,-0.402437637134934,0.000625
2.38357070955672,2.20186876809189,1.70273403584742,0.000625
0.765304161261709,0.866311446792582,-0.0593329616324225,0.000625
-1.25306094178108,1.12899028546551,-0.977656431738904,0.000625
-1.83288623206981,0.962382521652763,-2.90367231235808,0.000625
0.617921207150133,0.587160631965293,3.0067235674406,0.000625
-0.644200255780661,1.84157170396894,1.26960804220417,0.000625
-0.943892557504972,2.19226282896291,0.232712332802815,0.000625
1.42640076153984,1.85280164006166,2.08037058897431,0.000625
-2.85879664402338,1.44847270130489,-2.68096526709501,0.000625
2.24907748982644,0.881322442397992,-0.576615698694101,0.000625
2.61455660748689,2.03131687707248,1.31743202606959,0.000625
-2.84235092487301,1.65883270629422,1.16194943074918,0.000625
-0.286465170012537,1.83584450309416,-1.48297846834209,0.000625
-2.63067187243326,0.59883781857827,-2.02669614345563,0.000625
-0.37765333712342,0.503984000042108,-1.5059787931916,0.000625
0.58103134804778,2.72481060981328,0.958283060709602,0.000625
2.12004027380245,1.19516319228765,1.14636080357439,0.000625
1.53916821369402,0.857827604755311,2.58807118753533,0.000625
2.88584403964748,1.36848271967918,2.77188877440448,0.000625
1.52758315760494,1.10884286794622,1.1112244366353,0.000625
-0.482094037717716,0.25660690109746,0.199838057789044,0.000625
3.09791958797576,0.725488921801034,1.9418224614894,0.000625
-1.37327155490416,1.49889852480055,-1.15229239939164,0.000625
1.259568609512,1.36695558268468,-1.84064167368861,0.000625
-1.40379875485347,2.13040642230596,0.593303474985054,0.000625
-0.446904897111617,0.994985844289387,1.45528000716071,0.000625
-1.16911973857205,1.02074825454201,-0.437926502009817,0.000625
1.04750754327122,2.11721951581133,-0.621265478290427,0.000625
-0.880636255875997,2.3017841084759,-0.77218274918896,0.000625
1.7390962545949,1.68538653323829,-0.326432747188273,0.000625
0.744097867427381,1.79718321347424,0.0669999958364657,0.000625
-0.184760130873564,2.05391279415146,2.78574219379349,0.000625
2.11539531392969,1.7793553171938,-1.96280261829785,0.000625
-3.1390415308649,1.15517727465058,2.33018097295579,0.000625
-1.66769553228343,1.87305622899005,3.00565139927842,0.000625
2.22778800331525,1.39623002035313,-0.630646265921601,0.000625
-1.08634954091356,2.56936253982478,2.11664982387739,0.000625
2.15915090320479,1.82847042181722,1.83733453453194,0.000625
1.55214996381623,0.683842833856384,-2.88084267689473,0.000625
1.35821681775135,1.54184483398461,-2.4558513313599,0.000625
0.0299580684131054,0.550246476515259,-3.06967138435341,0.000625
-2.70960621980474,1.25143803823257,-1.76147372921117,0.000625
1.94083806064719,2.66790131163584,-1.75263217153455,0.000625
-1.2277987685937,2.83053189092203,-1.36111483508156,0.000625
-3.09714645700631,1.99195502965963,0.595179984989217,0.000625
2.7759343528321,0.938787897640615,0.983787532471698,0.000625
2.25853985040657,1.65928583910336,-2.41963436057547,0.000625
0.764846906399817,0.81533568115363,-1.53800879592885,0.000625
-2.38185360123218,2.71917216525099,-3.09291966107055,0.000625
1.10304668004015,0.401035758103476,-1.16787279520497,0.000625
0.0338046574878283,2.90093285939887,-2.24006206378457,0.000625
1.37437165522703,1.70130944728117,-0.788925817215334,0.000625
-1.40276499484372,1.73287654867063,1.12571427803526,0.000625
2.74354523346934,2.30781245477274,-0.709158933421526,0.000625
-1.88124590155651,0.903130107656903,1.03587704340848,0.000625
2.13735961386488,0.719949303146545,1.04088164724012,0.000625
-1.70499247054959,1.18585869790014,-1.11408852354953,0.000625
-1.589402978787,1.19900832232501,-0.412656491352482,0.000625
3.08175610064398,1.78331593647221,0.17673978754349,0.000625
1.84246042190999,0.721462897718752,0.898597215133318,0.000625
2.21328297625618,0.617263668655127,-3.09270893922799,0.000625
2.42194548328825,1.23696137926447,-1.61029734079675,0.000625
-0.421299614402564,2.58248320773923,-1.44358180897473,0.000625
2.05458403269017,0.921622046213234,1.95506524795593,0.000625
2.21725477031949,2.05312001156869,-1.48492204287197,0.000625
1.73628785398287,1.80994949438599,-2.70458635002375,0.000625
-1.92171806239075,2.79195363593146,-1.62985618486149,0.000625
-0.628461671172237,2.50699123786043,1.15250978418115,0.000625
-2.73362892867979,1.89760183558245,-1.73290754721833,0.000625
-1.07770450452762,1.85648910653269,1.82451918786113,0.000625
2.65542724322968,2.72734843002115,1.35701114249417,0.000625
-1.69157460661532,0.461974613899914,-2.66366946767489,0.000625
0.00616280442924037,0.392981421994382,3.0209073625184,0.000625
-0.129059799025248,1.2782308142347,0.112359584886091,0.000625
0.94866776672858,0.52242361098392,-3.13295401775792,0.000625
-2.31889394349958,1.41102644162732,-0.0798556566763111,0.000625
0.940331759675991,2.46324543111738,1.08194141827477,0.000625
0.893320307475624,1.67333374968854,-2.56757391184697,0.000625
-1.32528029325435,1.42339694097876,-0.235785203363565,0.000625
-2.21548958681727,1.03880617081894,-0.441447341561571,0.000625
0.690349657117864,2.9440550247215,-0.764988709181611,0.000625
-1.09468641177815,2.2779240251069,-1.40787859792034,0.000625
-2.72750812534472,1.64481901509524,0.489126275656147,0.000625
2.5023601451434,0.283010234498446,2.68091307529634,0.000625
-0.540664588888543,0.835005388546606,-2.9462184217136,0.000625
