0.000000000000000000e+00 2.094256698771056533e+07 0.000000000000000000e+00
8.000000000000000167e-03 2.098225553161251545e+07 0.000000000000000000e+00
1.600000000000000033e-02 2.084038609387372807e+07 0.000000000000000000e+00
2.400000000000000050e-02 2.109614150479625538e+07 0.000000000000000000e+00
3.200000000000000067e-02 2.104185943673598766e+07 0.000000000000000000e+00
4.000000000000000083e-02 2.095537826906860620e+07 0.000000000000000000e+00
4.800000000000000100e-02 2.088292042831683904e+07 0.000000000000000000e+00
5.600000000000000117e-02 2.100751880500515178e+07 0.000000000000000000e+00
6.400000000000000133e-02 2.093673630380532146e+07 0.000000000000000000e+00
7.199999999999999456e-02 2.095004591323287040e+07 0.000000000000000000e+00
8.000000000000000167e-02 2.120331965752450004e+07 0.000000000000000000e+00
8.799999999999999489e-02 2.102918459295855090e+07 0.000000000000000000e+00
9.600000000000000200e-02 2.085994907905155048e+07 0.000000000000000000e+00
1.039999999999999952e-01 2.098062581830474734e+07 0.000000000000000000e+00
1.120000000000000023e-01 2.089316857169913501e+07 0.000000000000000000e+00
1.199999999999999956e-01 2.109436296446701884e+07 0.000000000000000000e+00
1.280000000000000027e-01 2.109736648268652707e+07 0.000000000000000000e+00
1.360000000000000098e-01 2.108445517296704650e+07 0.000000000000000000e+00
1.439999999999999891e-01 2.099975096449831873e+07 0.000000000000000000e+00
1.519999999999999962e-01 2.091584669691216201e+07 0.000000000000000000e+00
1.600000000000000033e-01 2.088040158558375388e+07 0.000000000000000000e+00
1.680000000000000104e-01 2.091698401844391972e+07 0.000000000000000000e+00
1.759999999999999898e-01 2.099544918259188533e+07 0.000000000000000000e+00
1.839999999999999969e-01 2.100330499967954308e+07 0.000000000000000000e+00
1.920000000000000040e-01 2.096950238864471018e+07 0.000000000000000000e+00
2.000000000000000111e-01 2.089811730273947865e+07 0.000000000000000000e+00
2.079999999999999905e-01 2.086792894576925039e+07 0.000000000000000000e+00
2.159999999999999976e-01 2.071569869096712768e+07 0.000000000000000000e+00
2.240000000000000047e-01 2.052148976129879802e+07 0.000000000000000000e+00
2.320000000000000118e-01 2.013957241498461366e+07 0.000000000000000000e+00
2.399999999999999911e-01 1.981084991451401263e+07 0.000000000000000000e+00
2.479999999999999982e-01 1.904566546314238757e+07 0.000000000000000000e+00
2.560000000000000053e-01 1.817198242806386948e+07 0.000000000000000000e+00
2.640000000000000124e-01 1.731326541985854134e+07 0.000000000000000000e+00
2.720000000000000195e-01 1.654722793921963125e+07 0.000000000000000000e+00
2.800000000000000266e-01 1.571610886521423608e+07 0.000000000000000000e+00
2.879999999999999782e-01 1.465795362250168063e+07 0.000000000000000000e+00
2.959999999999999853e-01 1.420010279706032574e+07 0.000000000000000000e+00
3.039999999999999925e-01 1.345095300988024101e+07 0.000000000000000000e+00
3.119999999999999996e-01 1.305202144278267957e+07 0.000000000000000000e+00
3.200000000000000067e-01 1.259259870502452739e+07 0.000000000000000000e+00
3.280000000000000138e-01 1.240083656214222312e+07 0.000000000000000000e+00
3.360000000000000209e-01 1.229293713815021515e+07 0.000000000000000000e+00
3.439999999999999725e-01 1.227852134202421643e+07 0.000000000000000000e+00
3.519999999999999796e-01 1.240009313705502078e+07 0.000000000000000000e+00
3.599999999999999867e-01 1.220612022649222612e+07 0.000000000000000000e+00
3.679999999999999938e-01 1.227007672666867077e+07 0.000000000000000000e+00
3.760000000000000009e-01 1.251436270442593470e+07 0.000000000000000000e+00
3.840000000000000080e-01 1.270509061572626606e+07 0.000000000000000000e+00
3.920000000000000151e-01 1.301996811219469830e+07 0.000000000000000000e+00
4.000000000000000222e-01 1.302900390218993463e+07 0.000000000000000000e+00
4.079999999999999738e-01 1.328370286175470799e+07 0.000000000000000000e+00
4.159999999999999809e-01 1.354398293320305645e+07 0.000000000000000000e+00
4.239999999999999880e-01 1.367592992989036068e+07 0.000000000000000000e+00
4.319999999999999951e-01 1.402925643130462244e+07 0.000000000000000000e+00
4.400000000000000022e-01 1.380527796713351086e+07 0.000000000000000000e+00
4.480000000000000093e-01 1.392736335083275661e+07 0.000000000000000000e+00
4.560000000000000164e-01 1.359041097330630012e+07 0.000000000000000000e+00
4.640000000000000235e-01 1.358921401343429834e+07 0.000000000000000000e+00
4.719999999999999751e-01 1.329379956573846191e+07 0.000000000000000000e+00
4.799999999999999822e-01 1.315609483027072251e+07 0.000000000000000000e+00
4.879999999999999893e-01 1.267592228175082617e+07 0.000000000000000000e+00
4.959999999999999964e-01 1.277267092584543116e+07 0.000000000000000000e+00
5.040000000000000036e-01 1.266220415094786510e+07 0.000000000000000000e+00
5.120000000000000107e-01 1.236499264924827404e+07 0.000000000000000000e+00
5.200000000000000178e-01 1.237950942268235795e+07 0.000000000000000000e+00
5.280000000000000249e-01 1.232409259247882664e+07 0.000000000000000000e+00
5.360000000000000320e-01 1.221289434931369126e+07 0.000000000000000000e+00
5.440000000000000391e-01 1.218696567327574454e+07 0.000000000000000000e+00
5.520000000000000462e-01 1.195611492801971920e+07 0.000000000000000000e+00
5.600000000000000533e-01 1.213708722148708254e+07 0.000000000000000000e+00
5.679999999999999494e-01 1.227334871125451103e+07 0.000000000000000000e+00
5.759999999999999565e-01 1.226910048168405518e+07 0.000000000000000000e+00
5.839999999999999636e-01 1.249715422048764862e+07 0.000000000000000000e+00
5.919999999999999707e-01 1.241929569482632913e+07 0.000000000000000000e+00
5.999999999999999778e-01 1.253001020745557919e+07 0.000000000000000000e+00
6.079999999999999849e-01 1.247996429557400942e+07 0.000000000000000000e+00
6.159999999999999920e-01 1.266809120015594736e+07 0.000000000000000000e+00
6.239999999999999991e-01 1.270357687512803078e+07 0.000000000000000000e+00
6.320000000000000062e-01 1.262079070319700241e+07 0.000000000000000000e+00
6.400000000000000133e-01 1.253140919880326465e+07 0.000000000000000000e+00
6.480000000000000204e-01 1.237171205143389106e+07 0.000000000000000000e+00
6.560000000000000275e-01 1.225545134373098426e+07 0.000000000000000000e+00
6.640000000000000346e-01 1.235343445467618853e+07 0.000000000000000000e+00
6.720000000000000417e-01 1.214734458482494205e+07 0.000000000000000000e+00
6.800000000000000488e-01 1.191835629144246131e+07 0.000000000000000000e+00
6.879999999999999449e-01 1.197362665579518303e+07 0.000000000000000000e+00
6.959999999999999520e-01 1.181735770630146563e+07 0.000000000000000000e+00
7.039999999999999591e-01 1.151107783230710402e+07 0.000000000000000000e+00
7.119999999999999662e-01 1.175413092067146301e+07 0.000000000000000000e+00
7.199999999999999734e-01 1.147053716751713306e+07 0.000000000000000000e+00
7.279999999999999805e-01 1.142506758636858314e+07 0.000000000000000000e+00
7.359999999999999876e-01 1.153656770523571596e+07 0.000000000000000000e+00
7.439999999999999947e-01 1.131540782159577124e+07 0.000000000000000000e+00
7.520000000000000018e-01 1.155520731119250506e+07 0.000000000000000000e+00
7.600000000000000089e-01 1.150242040210292861e+07 0.000000000000000000e+00
7.680000000000000160e-01 1.130226636433623731e+07 0.000000000000000000e+00
7.760000000000000231e-01 1.148469004314716533e+07 0.000000000000000000e+00
7.840000000000000302e-01 1.147432140215853229e+07 0.000000000000000000e+00
7.920000000000000373e-01 1.144242766947343014e+07 0.000000000000000000e+00
8.000000000000000444e-01 1.165762245397207513e+07 0.000000000000000000e+00
8.080000000000000515e-01 1.135492518686157838e+07 0.000000000000000000e+00
8.159999999999999476e-01 1.139791320716048963e+07 0.000000000000000000e+00
8.239999999999999547e-01 1.140787912263650261e+07 0.000000000000000000e+00
8.319999999999999618e-01 1.131368373351950012e+07 0.000000000000000000e+00
8.399999999999999689e-01 1.141201204485459626e+07 0.000000000000000000e+00
8.479999999999999760e-01 1.137582663367280737e+07 0.000000000000000000e+00
8.559999999999999831e-01 1.114386623482761718e+07 0.000000000000000000e+00
8.639999999999999902e-01 1.105799129039165378e+07 0.000000000000000000e+00
8.719999999999999973e-01 1.108814705357526802e+07 0.000000000000000000e+00
8.800000000000000044e-01 1.102924315945129469e+07 0.000000000000000000e+00
8.880000000000000115e-01 1.096601892512391135e+07 0.000000000000000000e+00
8.960000000000000187e-01 1.091634721289655752e+07 0.000000000000000000e+00
9.040000000000000258e-01 1.088566701601806469e+07 0.000000000000000000e+00
9.120000000000000329e-01 1.076238639261664823e+07 0.000000000000000000e+00
9.200000000000000400e-01 1.089673508965477720e+07 0.000000000000000000e+00
9.280000000000000471e-01 1.079487333668675460e+07 0.000000000000000000e+00
9.360000000000000542e-01 1.056772609410674125e+07 0.000000000000000000e+00
9.439999999999999503e-01 1.086288683164200187e+07 0.000000000000000000e+00
9.519999999999999574e-01 1.101724027510400116e+07 0.000000000000000000e+00
9.599999999999999645e-01 1.058887742400037125e+07 0.000000000000000000e+00
9.679999999999999716e-01 1.069176044126994908e+07 0.000000000000000000e+00
9.759999999999999787e-01 1.071908637862470746e+07 0.000000000000000000e+00
9.839999999999999858e-01 1.076242855495682172e+07 0.000000000000000000e+00
9.919999999999999929e-01 1.081207346838253178e+07 0.000000000000000000e+00
1.000000000000000000e+00 1.065966672026970983e+07 0.000000000000000000e+00
1.008000000000000007e+00 1.054608474251759239e+07 0.000000000000000000e+00
1.016000000000000014e+00 1.055775083022748865e+07 0.000000000000000000e+00
1.024000000000000021e+00 1.056913825782628544e+07 0.000000000000000000e+00
1.032000000000000028e+00 1.042385720403832570e+07 0.000000000000000000e+00
1.040000000000000036e+00 1.044430173467475548e+07 0.000000000000000000e+00
1.048000000000000043e+00 1.058034669592948258e+07 0.000000000000000000e+00
1.056000000000000050e+00 1.050085728545607626e+07 0.000000000000000000e+00
1.064000000000000057e+00 1.019104660043054260e+07 0.000000000000000000e+00
1.072000000000000064e+00 1.048659010941269062e+07 0.000000000000000000e+00
1.080000000000000071e+00 1.047796696891977079e+07 0.000000000000000000e+00
1.088000000000000078e+00 1.036930989270862378e+07 0.000000000000000000e+00
1.096000000000000085e+00 1.040368692170562968e+07 0.000000000000000000e+00
1.104000000000000092e+00 1.029247435302711651e+07 0.000000000000000000e+00
1.112000000000000099e+00 1.020061092846199311e+07 0.000000000000000000e+00
1.120000000000000107e+00 1.017740287246758118e+07 0.000000000000000000e+00
1.127999999999999892e+00 1.002089486665036529e+07 0.000000000000000000e+00
1.135999999999999899e+00 1.025764690152108669e+07 0.000000000000000000e+00
1.143999999999999906e+00 1.010224380336688831e+07 0.000000000000000000e+00
1.151999999999999913e+00 1.018117595959705114e+07 0.000000000000000000e+00
1.159999999999999920e+00 1.022097228788292222e+07 0.000000000000000000e+00
1.167999999999999927e+00 1.021774303446789458e+07 0.000000000000000000e+00
1.175999999999999934e+00 1.014565774789355323e+07 0.000000000000000000e+00
1.183999999999999941e+00 1.017055317883120663e+07 0.000000000000000000e+00
1.191999999999999948e+00 1.003729577979104593e+07 0.000000000000000000e+00
1.199999999999999956e+00 1.013487189157715067e+07 0.000000000000000000e+00
1.207999999999999963e+00 1.004902241368430108e+07 0.000000000000000000e+00
1.215999999999999970e+00 1.010716810866948590e+07 0.000000000000000000e+00
1.223999999999999977e+00 1.019341285253816843e+07 0.000000000000000000e+00
1.231999999999999984e+00 1.002576010221341625e+07 0.000000000000000000e+00
1.239999999999999991e+00 1.009981400607089885e+07 0.000000000000000000e+00
1.247999999999999998e+00 1.017014733069720119e+07 0.000000000000000000e+00
1.256000000000000005e+00 9.957573659262761474e+06 0.000000000000000000e+00
1.264000000000000012e+00 9.784410496043929830e+06 0.000000000000000000e+00
1.272000000000000020e+00 9.815801842294074595e+06 0.000000000000000000e+00
1.280000000000000027e+00 9.939627785072784871e+06 0.000000000000000000e+00
1.288000000000000034e+00 9.760841607853313908e+06 0.000000000000000000e+00
1.296000000000000041e+00 1.001716934986520559e+07 0.000000000000000000e+00
1.304000000000000048e+00 1.001297119943928719e+07 0.000000000000000000e+00
1.312000000000000055e+00 9.812527859871197492e+06 0.000000000000000000e+00
1.320000000000000062e+00 1.000359335719289258e+07 0.000000000000000000e+00
1.328000000000000069e+00 9.922107649182748049e+06 0.000000000000000000e+00
1.336000000000000076e+00 9.764993386965671554e+06 0.000000000000000000e+00
1.344000000000000083e+00 1.007185587496554479e+07 0.000000000000000000e+00
1.352000000000000091e+00 9.856658902838740498e+06 0.000000000000000000e+00
1.360000000000000098e+00 9.824508454874239862e+06 0.000000000000000000e+00
1.368000000000000105e+00 9.836925279518153518e+06 0.000000000000000000e+00
1.375999999999999890e+00 9.876414217223491520e+06 0.000000000000000000e+00
1.383999999999999897e+00 9.989266137782072648e+06 0.000000000000000000e+00
1.391999999999999904e+00 9.774528163776436821e+06 0.000000000000000000e+00
1.399999999999999911e+00 9.850717535945998505e+06 0.000000000000000000e+00
1.407999999999999918e+00 9.803560612713284791e+06 0.000000000000000000e+00
1.415999999999999925e+00 9.821925697890276089e+06 0.000000000000000000e+00
1.423999999999999932e+00 9.762529029380392283e+06 0.000000000000000000e+00
1.431999999999999940e+00 9.687790315514396876e+06 0.000000000000000000e+00
1.439999999999999947e+00 9.794593478964058682e+06 0.000000000000000000e+00
1.447999999999999954e+00 9.903231193832380697e+06 0.000000000000000000e+00
1.455999999999999961e+00 9.700478454124012962e+06 0.000000000000000000e+00
1.463999999999999968e+00 9.812519194274611771e+06 0.000000000000000000e+00
1.471999999999999975e+00 1.002771187894199789e+07 0.000000000000000000e+00
1.479999999999999982e+00 9.817380141386099160e+06 0.000000000000000000e+00
1.487999999999999989e+00 9.649552507558960468e+06 0.000000000000000000e+00
1.495999999999999996e+00 9.609430935516186059e+06 0.000000000000000000e+00
1.504000000000000004e+00 9.718085693122586235e+06 0.000000000000000000e+00
1.512000000000000011e+00 9.809867544762581587e+06 0.000000000000000000e+00
1.520000000000000018e+00 9.510177854748975486e+06 0.000000000000000000e+00
1.528000000000000025e+00 9.694082848473414779e+06 0.000000000000000000e+00
1.536000000000000032e+00 9.823300365513686091e+06 0.000000000000000000e+00
1.544000000000000039e+00 9.499312420159997419e+06 0.000000000000000000e+00
1.552000000000000046e+00 9.718245817488793284e+06 0.000000000000000000e+00
1.560000000000000053e+00 9.704762248544394970e+06 0.000000000000000000e+00
1.568000000000000060e+00 9.680947429249117151e+06 0.000000000000000000e+00
1.576000000000000068e+00 9.681518996214356273e+06 0.000000000000000000e+00
1.584000000000000075e+00 9.567210656623110175e+06 0.000000000000000000e+00
1.592000000000000082e+00 9.688759052458960563e+06 0.000000000000000000e+00
1.600000000000000089e+00 9.686655805343843997e+06 0.000000000000000000e+00
1.608000000000000096e+00 9.712881769632283598e+06 0.000000000000000000e+00
1.616000000000000103e+00 9.740480522058414295e+06 0.000000000000000000e+00
1.624000000000000110e+00 9.510742772806989029e+06 0.000000000000000000e+00
1.631999999999999895e+00 9.603181857582304627e+06 0.000000000000000000e+00
1.639999999999999902e+00 9.516753453438743949e+06 0.000000000000000000e+00
1.647999999999999909e+00 9.536833466236371547e+06 0.000000000000000000e+00
1.655999999999999917e+00 9.594437444077566266e+06 0.000000000000000000e+00
1.663999999999999924e+00 9.493440129080509767e+06 0.000000000000000000e+00
1.671999999999999931e+00 9.710289028929643333e+06 0.000000000000000000e+00
1.679999999999999938e+00 9.806171117710387334e+06 0.000000000000000000e+00
1.687999999999999945e+00 9.792937993454691023e+06 0.000000000000000000e+00
1.695999999999999952e+00 9.710666631934255362e+06 0.000000000000000000e+00
1.703999999999999959e+00 9.672349049110522494e+06 0.000000000000000000e+00
1.711999999999999966e+00 9.515088762533050030e+06 0.000000000000000000e+00
1.719999999999999973e+00 9.630924155582219362e+06 0.000000000000000000e+00
1.727999999999999980e+00 9.613511340940341353e+06 0.000000000000000000e+00
1.735999999999999988e+00 9.738397576381964609e+06 0.000000000000000000e+00
1.743999999999999995e+00 9.623519453059643507e+06 0.000000000000000000e+00
1.752000000000000002e+00 9.447350174447791651e+06 0.000000000000000000e+00
1.760000000000000009e+00 9.711559211898410693e+06 0.000000000000000000e+00
1.768000000000000016e+00 9.793632912776002660e+06 0.000000000000000000e+00
1.776000000000000023e+00 9.556306198941973969e+06 0.000000000000000000e+00
1.784000000000000030e+00 9.485104462368641049e+06 0.000000000000000000e+00
1.792000000000000037e+00 9.759078657858163118e+06 0.000000000000000000e+00
1.800000000000000044e+00 9.828798181273085997e+06 0.000000000000000000e+00
1.808000000000000052e+00 9.728880273921016604e+06 0.000000000000000000e+00
1.816000000000000059e+00 9.821465496639695019e+06 0.000000000000000000e+00
1.824000000000000066e+00 9.795407334261579439e+06 0.000000000000000000e+00
1.832000000000000073e+00 9.804957611184492707e+06 0.000000000000000000e+00
1.840000000000000080e+00 9.790652551224965602e+06 0.000000000000000000e+00
1.848000000000000087e+00 9.776888376710668206e+06 0.000000000000000000e+00
1.856000000000000094e+00 9.910754017762469128e+06 0.000000000000000000e+00
1.864000000000000101e+00 9.644216722784530371e+06 0.000000000000000000e+00
1.872000000000000108e+00 9.764775821727938950e+06 0.000000000000000000e+00
1.879999999999999893e+00 9.783326696898533031e+06 0.000000000000000000e+00
1.887999999999999901e+00 9.774222101576283574e+06 0.000000000000000000e+00
1.895999999999999908e+00 9.854215124179445207e+06 0.000000000000000000e+00
1.903999999999999915e+00 9.921682644183732569e+06 0.000000000000000000e+00
1.911999999999999922e+00 9.908900727336566895e+06 0.000000000000000000e+00
1.919999999999999929e+00 9.817996253427291289e+06 0.000000000000000000e+00
1.927999999999999936e+00 9.876956589549742639e+06 0.000000000000000000e+00
1.935999999999999943e+00 9.817783100977396592e+06 0.000000000000000000e+00
1.943999999999999950e+00 9.714368704435903579e+06 0.000000000000000000e+00
1.951999999999999957e+00 9.930050588996352628e+06 0.000000000000000000e+00
1.959999999999999964e+00 9.932848136814419180e+06 0.000000000000000000e+00
1.967999999999999972e+00 1.000146924988717213e+07 0.000000000000000000e+00
1.975999999999999979e+00 9.946705258878398687e+06 0.000000000000000000e+00
1.983999999999999986e+00 9.999167571037773043e+06 0.000000000000000000e+00
1.991999999999999993e+00 9.865734824640367180e+06 0.000000000000000000e+00
